quote_date,paper,exch,open,high,low,close,volume,value
20170116,AI-FEIN,Fonds,1633.18,1633.18,1633.18,1633.18,0,0
20170113,AI-FEIN,Fonds,1638.46,1638.46,1638.46,1638.46,0,0
20170112,AI-FEIN,Fonds,1645.34,1645.34,1645.34,1645.34,0,0
20170111,AI-FEIN,Fonds,1672.93,1672.93,1672.93,1672.93,0,0
20170110,AI-FEIN,Fonds,1667.99,1667.99,1667.99,1667.99,0,0
20170109,AI-FEIN,Fonds,1653.27,1653.27,1653.27,1653.27,0,0
20170106,AI-FEIN,Fonds,1657.78,1657.78,1657.78,1657.78,0,0
20170105,AI-FEIN,Fonds,1647.70,1647.70,1647.70,1647.70,0,0
20170104,AI-FEIN,Fonds,1652.94,1652.94,1652.94,1652.94,0,0
20170103,AI-FEIN,Fonds,1647.32,1647.32,1647.32,1647.32,0,0
20161230,AI-FEIN,Fonds,1642.87,1642.87,1642.87,1642.87,0,0
20161229,AI-FEIN,Fonds,1655.50,1655.50,1655.50,1655.50,0,0
20161222,AI-FEIN,Fonds,1570.54,1570.54,1570.54,1570.54,0,0
20161221,AI-FEIN,Fonds,1583.15,1583.15,1583.15,1583.15,0,0
20161220,AI-FEIN,Fonds,1611.69,1611.69,1611.69,1611.69,0,0
20161219,AI-FEIN,Fonds,1619.52,1619.52,1619.52,1619.52,0,0
20161216,AI-FEIN,Fonds,1639.85,1639.85,1639.85,1639.85,0,0
20161215,AI-FEIN,Fonds,1641.96,1641.96,1641.96,1641.96,0,0
20161214,AI-FEIN,Fonds,1619.01,1619.01,1619.01,1619.01,0,0
20161213,AI-FEIN,Fonds,1622.10,1622.10,1622.10,1622.10,0,0
20161209,AI-FEIN,Fonds,1647.37,1647.37,1647.37,1647.37,0,0
20161208,AI-FEIN,Fonds,1641.16,1641.16,1641.16,1641.16,0,0
20161207,AI-FEIN,Fonds,1594.55,1594.55,1594.55,1594.55,0,0
20161206,AI-FEIN,Fonds,1596.00,1596.00,1596.00,1596.00,0,0
20161205,AI-FEIN,Fonds,1590.98,1590.98,1590.98,1590.98,0,0
20161202,AI-FEIN,Fonds,1585.37,1585.37,1585.37,1585.37,0,0
20161201,AI-FEIN,Fonds,1567.35,1567.35,1567.35,1567.35,0,0
20161130,AI-FEIN,Fonds,1561.91,1561.91,1561.91,1561.91,0,0
20161129,AI-FEIN,Fonds,1557.87,1557.87,1557.87,1557.87,0,0
20161128,AI-FEIN,Fonds,1556.91,1556.91,1556.91,1556.91,0,0
20161125,AI-FEIN,Fonds,1568.26,1568.26,1568.26,1568.26,0,0
20161124,AI-FEIN,Fonds,1564.79,1564.79,1564.79,1564.79,0,0
20161123,AI-FEIN,Fonds,1616.03,1616.03,1616.03,1616.03,0,0
20161122,AI-FEIN,Fonds,1601.50,1601.50,1601.50,1601.50,0,0
20161121,AI-FEIN,Fonds,1596.78,1596.78,1596.78,1596.78,0,0
20161118,AI-FEIN,Fonds,1615.52,1615.52,1615.52,1615.52,0,0
20161117,AI-FEIN,Fonds,1614.99,1614.99,1614.99,1614.99,0,0
20161116,AI-FEIN,Fonds,1606.90,1606.90,1606.90,1606.90,0,0
20161115,AI-FEIN,Fonds,1561.49,1561.49,1561.49,1561.49,0,0
20161114,AI-FEIN,Fonds,1582.06,1582.06,1582.06,1582.06,0,0
20161111,AI-FEIN,Fonds,1619.32,1619.32,1619.32,1619.32,0,0
20161110,AI-FEIN,Fonds,1721.73,1721.73,1721.73,1721.73,0,0
20161103,AI-FEIN,Fonds,1643.81,1643.81,1643.81,1643.81,0,0
20161102,AI-FEIN,Fonds,1676.30,1676.30,1676.30,1676.30,0,0
20161028,AI-FEIN,Fonds,1712.29,1712.29,1712.29,1712.29,0,0
20161027,AI-FEIN,Fonds,1713.85,1713.85,1713.85,1713.85,0,0
20161026,AI-FEIN,Fonds,1709.47,1709.47,1709.47,1709.47,0,0
20161025,AI-FEIN,Fonds,1718.82,1718.82,1718.82,1718.82,0,0
20161024,AI-FEIN,Fonds,1722.70,1722.70,1722.70,1722.70,0,0
20161020,AI-FEIN,Fonds,1715.82,1715.82,1715.82,1715.82,0,0
20161019,AI-FEIN,Fonds,1705.61,1705.61,1705.61,1705.61,0,0
20161018,AI-FEIN,Fonds,1717.49,1717.49,1717.49,1717.49,0,0
20161017,AI-FEIN,Fonds,1709.62,1709.62,1709.62,1709.62,0,0
20161014,AI-FEIN,Fonds,1721.62,1721.62,1721.62,1721.62,0,0
20161013,AI-FEIN,Fonds,1686.19,1686.19,1686.19,1686.19,0,0
20161012,AI-FEIN,Fonds,1711.00,1711.00,1711.00,1711.00,0,0
20161011,AI-FEIN,Fonds,1698.49,1698.49,1698.49,1698.49,0,0
20161010,AI-FEIN,Fonds,1678.96,1678.96,1678.96,1678.96,0,0
20161007,AI-FEIN,Fonds,1686.01,1686.01,1686.01,1686.01,0,0
20161006,AI-FEIN,Fonds,1695.64,1695.64,1695.64,1695.64,0,0
20161005,AI-FEIN,Fonds,1698.69,1698.69,1698.69,1698.69,0,0
20161004,AI-FEIN,Fonds,1709.17,1709.17,1709.17,1709.17,0,0
20161003,AI-FEIN,Fonds,1702.70,1702.70,1702.70,1702.70,0,0
20160930,AI-FEIN,Fonds,1666.08,1666.08,1666.08,1666.08,0,0
20160929,AI-FEIN,Fonds,1710.97,1710.97,1710.97,1710.97,0,0
20160928,AI-FEIN,Fonds,1725.37,1725.37,1725.37,1725.37,0,0
20160927,AI-FEIN,Fonds,1734.34,1734.34,1734.34,1734.34,0,0
20160926,AI-FEIN,Fonds,1684.55,1684.55,1684.55,1684.55,0,0
20160923,AI-FEIN,Fonds,1700.65,1700.65,1700.65,1700.65,0,0
20160922,AI-FEIN,Fonds,1701.27,1701.27,1701.27,1701.27,0,0
20160921,AI-FEIN,Fonds,1729.31,1729.31,1729.31,1729.31,0,0
20160920,AI-FEIN,Fonds,1704.75,1704.75,1704.75,1704.75,0,0
20160919,AI-FEIN,Fonds,1708.52,1708.52,1708.52,1708.52,0,0
20160916,AI-FEIN,Fonds,1690.45,1690.45,1690.45,1690.45,0,0
20160915,AI-FEIN,Fonds,1682.56,1682.56,1682.56,1682.56,0,0
20160914,AI-FEIN,Fonds,1631.09,1631.09,1631.09,1631.09,0,0
20160913,AI-FEIN,Fonds,1657.46,1657.46,1657.46,1657.46,0,0
20160909,AI-FEIN,Fonds,1684.53,1684.53,1684.53,1684.53,0,0
20160908,AI-FEIN,Fonds,1709.59,1709.59,1709.59,1709.59,0,0
20160907,AI-FEIN,Fonds,1720.26,1720.26,1720.26,1720.26,0,0
20160906,AI-FEIN,Fonds,1713.15,1713.15,1713.15,1713.15,0,0
20160905,AI-FEIN,Fonds,1726.48,1726.48,1726.48,1726.48,0,0
20160902,AI-FEIN,Fonds,1724.23,1724.23,1724.23,1724.23,0,0
20160901,AI-FEIN,Fonds,1709.30,1709.30,1709.30,1709.30,0,0
20160831,AI-FEIN,Fonds,1727.78,1727.78,1727.78,1727.78,0,0
20160830,AI-FEIN,Fonds,1717.12,1717.12,1717.12,1717.12,0,0
20160829,AI-FEIN,Fonds,1720.19,1720.19,1720.19,1720.19,0,0
20160826,AI-FEIN,Fonds,1729.68,1729.68,1729.68,1729.68,0,0
20160825,AI-FEIN,Fonds,1740.26,1740.26,1740.26,1740.26,0,0
20160824,AI-FEIN,Fonds,1725.50,1725.50,1725.50,1725.50,0,0
20160823,AI-FEIN,Fonds,1733.14,1733.14,1733.14,1733.14,0,0
20160822,AI-FEIN,Fonds,1737.32,1737.32,1737.32,1737.32,0,0
20160819,AI-FEIN,Fonds,1741.45,1741.45,1741.45,1741.45,0,0
20160818,AI-FEIN,Fonds,1757.45,1757.45,1757.45,1757.45,0,0
20160816,AI-FEIN,Fonds,1738.03,1738.03,1738.03,1738.03,0,0
20160811,AI-FEIN,Fonds,1753.58,1753.58,1753.58,1753.58,0,0
20160810,AI-FEIN,Fonds,1764.14,1764.14,1764.14,1764.14,0,0
20160809,AI-FEIN,Fonds,1803.32,1803.32,1803.32,1803.32,0,0
20160808,AI-FEIN,Fonds,1826.79,1826.79,1826.79,1826.79,0,0
20160805,AI-FEIN,Fonds,1812.03,1812.03,1812.03,1812.03,0,0
20160804,AI-FEIN,Fonds,1774.86,1774.86,1774.86,1774.86,0,0
20160803,AI-FEIN,Fonds,1763.80,1763.80,1763.80,1763.80,0,0
20160802,AI-FEIN,Fonds,1778.64,1778.64,1778.64,1778.64,0,0
20160801,AI-FEIN,Fonds,1789.90,1789.90,1789.90,1789.90,0,0
20160729,AI-FEIN,Fonds,1730.99,1730.99,1730.99,1730.99,0,0
20160728,AI-FEIN,Fonds,1787.72,1787.72,1787.72,1787.72,0,0
20160727,AI-FEIN,Fonds,1788.46,1788.46,1788.46,1788.46,0,0
20160726,AI-FEIN,Fonds,1764.45,1764.45,1764.45,1764.45,0,0
20160725,AI-FEIN,Fonds,1757.77,1757.77,1757.77,1757.77,0,0
20160722,AI-FEIN,Fonds,1744.14,1744.14,1744.14,1744.14,0,0
20160721,AI-FEIN,Fonds,1739.90,1739.90,1739.90,1739.90,0,0
20160720,AI-FEIN,Fonds,1755.62,1755.62,1755.62,1755.62,0,0
20160719,AI-FEIN,Fonds,1741.61,1741.61,1741.61,1741.61,0,0
20160718,AI-FEIN,Fonds,1714.90,1714.90,1714.90,1714.90,0,0
20160715,AI-FEIN,Fonds,1710.99,1710.99,1710.99,1710.99,0,0
20160714,AI-FEIN,Fonds,1682.91,1682.91,1682.91,1682.91,0,0
20160713,AI-FEIN,Fonds,1711.22,1711.22,1711.22,1711.22,0,0
20160712,AI-FEIN,Fonds,1700.22,1700.22,1700.22,1700.22,0,0
20160711,AI-FEIN,Fonds,1710.03,1710.03,1710.03,1710.03,0,0
20160701,AI-FEIN,Fonds,1638.68,1638.68,1638.68,1638.68,0,0
20160630,AI-FEIN,Fonds,1654.35,1654.35,1654.35,1654.35,0,0
20160628,AI-FEIN,Fonds,1649.15,1649.15,1649.15,1649.15,0,0
20160621,AI-FEIN,Fonds,1594.11,1594.11,1594.11,1594.11,0,0
20160620,AI-FEIN,Fonds,1578.60,1578.60,1578.60,1578.60,0,0
20160617,AI-FEIN,Fonds,1587.48,1587.48,1587.48,1587.48,0,0
20160616,AI-FEIN,Fonds,1579.83,1579.83,1579.83,1579.83,0,0
20160615,AI-FEIN,Fonds,1555.96,1555.96,1555.96,1555.96,0,0
20160614,AI-FEIN,Fonds,1564.45,1564.45,1564.45,1564.45,0,0
20160613,AI-FEIN,Fonds,1545.56,1545.56,1545.56,1545.56,0,0
20160610,AI-FEIN,Fonds,1547.50,1547.50,1547.50,1547.50,0,0
20160609,AI-FEIN,Fonds,1550.11,1550.11,1550.11,1550.11,0,0
20160608,AI-FEIN,Fonds,1560.91,1560.91,1560.91,1560.91,0,0
20160607,AI-FEIN,Fonds,1570.99,1570.99,1570.99,1570.99,0,0
20160602,AI-FEIN,Fonds,1532.35,1532.35,1532.35,1532.35,0,0
20160601,AI-FEIN,Fonds,1531.07,1531.07,1531.07,1531.07,0,0
20160531,AI-FEIN,Fonds,1528.11,1528.11,1528.11,1528.11,0,0
20160530,AI-FEIN,Fonds,1539.29,1539.29,1539.29,1539.29,0,0
20160527,AI-FEIN,Fonds,1541.92,1541.92,1541.92,1541.92,0,0
20160526,AI-FEIN,Fonds,1519.08,1519.08,1519.08,1519.08,0,0
20160525,AI-FEIN,Fonds,1522.20,1522.20,1522.20,1522.20,0,0
20160524,AI-FEIN,Fonds,1497.73,1497.73,1497.73,1497.73,0,0
20160523,AI-FEIN,Fonds,1517.71,1517.71,1517.71,1517.71,0,0
20160520,AI-FEIN,Fonds,1501.01,1501.01,1501.01,1501.01,0,0
20160519,AI-FEIN,Fonds,1508.07,1508.07,1508.07,1508.07,0,0
20160518,AI-FEIN,Fonds,1512.75,1512.75,1512.75,1512.75,0,0
20160513,AI-FEIN,Fonds,1528.28,1528.28,1528.28,1528.28,0,0
20160512,AI-FEIN,Fonds,1523.89,1523.89,1523.89,1523.89,0,0
20160509,AI-FEIN,Fonds,1523.04,1523.04,1523.04,1523.04,0,0
20160323,AI-FEIN,Fonds,1638.26,1638.26,1638.26,1638.26,0,0
20160216,AI-FEIN,Fonds,1626.79,1626.79,1626.79,1626.79,0,0
20151230,AI-FEIN,Fonds,1551.68,1551.68,1551.68,1551.68,0,0
20141230,AI-FEIN,Fonds,1635.01,1635.01,1635.01,1635.01,0,0
20140416,AI-FEIN,Fonds,1288.78,1288.78,1288.78,1288.78,0,0
20130327,AI-FEIN,Fonds,1537.95,1537.95,1537.95,1537.95,0,0
20130304,AI-FEIN,Fonds,1461.69,1461.69,1461.69,1461.69,0,0
20130301,AI-FEIN,Fonds,1483.08,1483.08,1483.08,1483.08,0,0
20130228,AI-FEIN,Fonds,1482.44,1482.44,1482.44,1482.44,0,0
20130225,AI-FEIN,Fonds,1407.11,1407.11,1407.11,1407.11,0,0
20130222,AI-FEIN,Fonds,1416.02,1416.02,1416.02,1416.02,0,0
20130221,AI-FEIN,Fonds,1392.13,1392.13,1392.13,1392.13,0,0
20130220,AI-FEIN,Fonds,1372.61,1372.61,1372.61,1372.61,0,0
20130219,AI-FEIN,Fonds,1363.40,1363.40,1363.40,1363.40,0,0
20130218,AI-FEIN,Fonds,1362.43,1362.43,1362.43,1362.43,0,0
20130215,AI-FEIN,Fonds,1369.70,1369.70,1369.70,1369.70,0,0
20130214,AI-FEIN,Fonds,1361.14,1361.14,1361.14,1361.14,0,0
20130213,AI-FEIN,Fonds,1355.95,1355.95,1355.95,1355.95,0,0
20130212,AI-FEIN,Fonds,1350.35,1350.35,1350.35,1350.35,0,0
20130211,AI-FEIN,Fonds,1343.30,1343.30,1343.30,1343.30,0,0
20130208,AI-FEIN,Fonds,1333.14,1333.14,1333.14,1333.14,0,0
20130207,AI-FEIN,Fonds,1328.42,1328.42,1328.42,1328.42,0,0
20130206,AI-FEIN,Fonds,1319.82,1319.82,1319.82,1319.82,0,0
20130205,AI-FEIN,Fonds,1322.13,1322.13,1322.13,1322.13,0,0
20130204,AI-FEIN,Fonds,1310.02,1310.02,1310.02,1310.02,0,0
20130131,AI-FEIN,Fonds,1320.82,1320.82,1320.82,1320.82,0,0
20130130,AI-FEIN,Fonds,1293.46,1293.46,1293.46,1293.46,0,0
20130129,AI-FEIN,Fonds,1308.03,1308.03,1308.03,1308.03,0,0
20130128,AI-FEIN,Fonds,1313.23,1313.23,1313.23,1313.23,0,0
20130125,AI-FEIN,Fonds,1310.64,1310.64,1310.64,1310.64,0,0
20130124,AI-FEIN,Fonds,1319.33,1319.33,1319.33,1319.33,0,0
20130122,AI-FEIN,Fonds,1328.00,1328.00,1328.00,1328.00,0,0
20130121,AI-FEIN,Fonds,1331.63,1331.63,1331.63,1331.63,0,0
20130118,AI-FEIN,Fonds,1348.84,1348.84,1348.84,1348.84,0,0
20130117,AI-FEIN,Fonds,1328.77,1328.77,1328.77,1328.77,0,0
20130116,AI-FEIN,Fonds,1321.17,1321.17,1321.17,1321.17,0,0
20130115,AI-FEIN,Fonds,1315.88,1315.88,1315.88,1315.88,0,0
20130114,AI-FEIN,Fonds,1301.20,1301.20,1301.20,1301.20,0,0
20130111,AI-FEIN,Fonds,1291.49,1291.49,1291.49,1291.49,0,0
20130110,AI-FEIN,Fonds,1277.74,1277.74,1277.74,1277.74,0,0
20130109,AI-FEIN,Fonds,1309.06,1309.06,1309.06,1309.06,0,0
20130108,AI-FEIN,Fonds,1323.45,1323.45,1323.45,1323.45,0,0
20130107,AI-FEIN,Fonds,1324.37,1324.37,1324.37,1324.37,0,0
20130104,AI-FEIN,Fonds,1330.54,1330.54,1330.54,1330.54,0,0
20130103,AI-FEIN,Fonds,1323.32,1323.32,1323.32,1323.32,0,0
20130102,AI-FEIN,Fonds,1309.96,1309.96,1309.96,1309.96,0,0
20121231,AI-FEIN,Fonds,1302.88,1302.88,1302.88,1302.88,0,0
20121227,AI-FEIN,Fonds,1294.76,1294.76,1294.76,1294.76,0,0
20121220,AI-FEIN,Fonds,1267.52,1267.52,1267.52,1267.52,0,0
20121219,AI-FEIN,Fonds,1262.52,1262.52,1262.52,1262.52,0,0
20121218,AI-FEIN,Fonds,1288.66,1288.66,1288.66,1288.66,0,0
20121217,AI-FEIN,Fonds,1301.83,1301.83,1301.83,1301.83,0,0
20121214,AI-FEIN,Fonds,1308.72,1308.72,1308.72,1308.72,0,0
20121213,AI-FEIN,Fonds,1302.86,1302.86,1302.86,1302.86,0,0
20121212,AI-FEIN,Fonds,1311.29,1311.29,1311.29,1311.29,0,0
20121211,AI-FEIN,Fonds,1316.68,1316.68,1316.68,1316.68,0,0
20121207,AI-FEIN,Fonds,1309.88,1309.88,1309.88,1309.88,0,0
20121206,AI-FEIN,Fonds,1298.69,1298.69,1298.69,1298.69,0,0
20121205,AI-FEIN,Fonds,1302.53,1302.53,1302.53,1302.53,0,0
20121204,AI-FEIN,Fonds,1294.12,1294.12,1294.12,1294.12,0,0
20121203,AI-FEIN,Fonds,1297.31,1297.31,1297.31,1297.31,0,0
20121130,AI-FEIN,Fonds,1301.34,1301.34,1301.34,1301.34,0,0
20121129,AI-FEIN,Fonds,1307.11,1307.11,1307.11,1307.11,0,0
20121128,AI-FEIN,Fonds,1309.97,1309.97,1309.97,1309.97,0,0
20121127,AI-FEIN,Fonds,1305.10,1305.10,1305.10,1305.10,0,0
20121126,AI-FEIN,Fonds,1322.02,1322.02,1322.02,1322.02,0,0
20121123,AI-FEIN,Fonds,1315.95,1315.95,1315.95,1315.95,0,0
20121122,AI-FEIN,Fonds,1312.71,1312.71,1312.71,1312.71,0,0
20121121,AI-FEIN,Fonds,1320.40,1320.40,1320.40,1320.40,0,0
20121120,AI-FEIN,Fonds,1313.46,1313.46,1313.46,1313.46,0,0
20121119,AI-FEIN,Fonds,1318.10,1318.10,1318.10,1318.10,0,0
20121116,AI-FEIN,Fonds,1336.46,1336.46,1336.46,1336.46,0,0
20121113,AI-FEIN,Fonds,1337.25,1337.25,1337.25,1337.25,0,0
20121112,AI-FEIN,Fonds,1328.98,1328.98,1328.98,1328.98,0,0
20121109,AI-FEIN,Fonds,1330.97,1330.97,1330.97,1330.97,0,0
20121108,AI-FEIN,Fonds,1322.99,1322.99,1322.99,1322.99,0,0
20121107,AI-FEIN,Fonds,1327.75,1327.75,1327.75,1327.75,0,0
20121106,AI-FEIN,Fonds,1328.19,1328.19,1328.19,1328.19,0,0
20121105,AI-FEIN,Fonds,1315.85,1315.85,1315.85,1315.85,0,0
20121102,AI-FEIN,Fonds,1310.68,1310.68,1310.68,1310.68,0,0
20121031,AI-FEIN,Fonds,1317.67,1317.67,1317.67,1317.67,0,0
20121030,AI-FEIN,Fonds,1325.34,1325.34,1325.34,1325.34,0,0
20121029,AI-FEIN,Fonds,1333.17,1333.17,1333.17,1333.17,0,0
20121026,AI-FEIN,Fonds,1335.25,1335.25,1335.25,1335.25,0,0
20121024,AI-FEIN,Fonds,1329.90,1329.90,1329.90,1329.90,0,0
20121023,AI-FEIN,Fonds,1326.40,1326.40,1326.40,1326.40,0,0
20121022,AI-FEIN,Fonds,1314.24,1314.24,1314.24,1314.24,0,0
20121019,AI-FEIN,Fonds,1307.01,1307.01,1307.01,1307.01,0,0
20121018,AI-FEIN,Fonds,1302.69,1302.69,1302.69,1302.69,0,0
20121017,AI-FEIN,Fonds,1312.55,1312.55,1312.55,1312.55,0,0
20121016,AI-FEIN,Fonds,1313.91,1313.91,1313.91,1313.91,0,0
20121015,AI-FEIN,Fonds,1314.34,1314.34,1314.34,1314.34,0,0
20121012,AI-FEIN,Fonds,1307.00,1307.00,1307.00,1307.00,0,0
20121011,AI-FEIN,Fonds,1303.59,1303.59,1303.59,1303.59,0,0
20121010,AI-FEIN,Fonds,1301.31,1301.31,1301.31,1301.31,0,0
20121009,AI-FEIN,Fonds,1300.66,1300.66,1300.66,1300.66,0,0
20121008,AI-FEIN,Fonds,1300.57,1300.57,1300.57,1300.57,0,0
20121005,AI-FEIN,Fonds,1303.11,1303.11,1303.11,1303.11,0,0
20121004,AI-FEIN,Fonds,1314.81,1314.81,1314.81,1314.81,0,0
20121003,AI-FEIN,Fonds,1311.43,1311.43,1311.43,1311.43,0,0
20121002,AI-FEIN,Fonds,1296.07,1296.07,1296.07,1296.07,0,0
20121001,AI-FEIN,Fonds,1300.24,1300.24,1300.24,1300.24,0,0
20120928,AI-FEIN,Fonds,1290.43,1290.43,1290.43,1290.43,0,0
20120927,AI-FEIN,Fonds,1288.04,1288.04,1288.04,1288.04,0,0
20120926,AI-FEIN,Fonds,1288.88,1288.88,1288.88,1288.88,0,0
20120925,AI-FEIN,Fonds,1271.41,1271.41,1271.41,1271.41,0,0
20120924,AI-FEIN,Fonds,1284.95,1284.95,1284.95,1284.95,0,0
20120921,AI-FEIN,Fonds,1285.29,1285.29,1285.29,1285.29,0,0
20120920,AI-FEIN,Fonds,1281.81,1281.81,1281.81,1281.81,0,0
20120919,AI-FEIN,Fonds,1275.28,1275.28,1275.28,1275.28,0,0
20120918,AI-FEIN,Fonds,1292.19,1292.19,1292.19,1292.19,0,0
20120917,AI-FEIN,Fonds,1287.73,1287.73,1287.73,1287.73,0,0
20120914,AI-FEIN,Fonds,1287.40,1287.40,1287.40,1287.40,0,0
20120913,AI-FEIN,Fonds,1295.32,1295.32,1295.32,1295.32,0,0
20120912,AI-FEIN,Fonds,1268.00,1268.00,1268.00,1268.00,0,0
20120911,AI-FEIN,Fonds,1265.26,1265.26,1265.26,1265.26,0,0
20120910,AI-FEIN,Fonds,1258.21,1258.21,1258.21,1258.21,0,0
20120907,AI-FEIN,Fonds,1261.68,1261.68,1261.68,1261.68,0,0
20120906,AI-FEIN,Fonds,1280.06,1280.06,1280.06,1280.06,0,0
20120905,AI-FEIN,Fonds,1254.45,1254.45,1254.45,1254.45,0,0
20120904,AI-FEIN,Fonds,1248.70,1248.70,1248.70,1248.70,0,0
20120903,AI-FEIN,Fonds,1267.22,1267.22,1267.22,1267.22,0,0
20120831,AI-FEIN,Fonds,1249.97,1249.97,1249.97,1249.97,0,0
20120830,AI-FEIN,Fonds,1224.82,1224.82,1224.82,1224.82,0,0
20120829,AI-FEIN,Fonds,1238.30,1238.30,1238.30,1238.30,0,0
20120828,AI-FEIN,Fonds,1272.98,1272.98,1272.98,1272.98,0,0
20120827,AI-FEIN,Fonds,1288.62,1288.62,1288.62,1288.62,0,0
20120824,AI-FEIN,Fonds,1294.46,1294.46,1294.46,1294.46,0,0
20120823,AI-FEIN,Fonds,1294.30,1294.30,1294.30,1294.30,0,0
20120822,AI-FEIN,Fonds,1319.32,1319.32,1319.32,1319.32,0,0
20120814,AI-FEIN,Fonds,1318.73,1318.73,1318.73,1318.73,0,0
20120813,AI-FEIN,Fonds,1307.35,1307.35,1307.35,1307.35,0,0
20120810,AI-FEIN,Fonds,1321.72,1321.72,1321.72,1321.72,0,0
20120809,AI-FEIN,Fonds,1321.03,1321.03,1321.03,1321.03,0,0
20120808,AI-FEIN,Fonds,1313.17,1313.17,1313.17,1313.17,0,0
20120807,AI-FEIN,Fonds,1309.30,1309.30,1309.30,1309.30,0,0
20120806,AI-FEIN,Fonds,1324.89,1324.89,1324.89,1324.89,0,0
20120803,AI-FEIN,Fonds,1336.42,1336.42,1336.42,1336.42,0,0
20120802,AI-FEIN,Fonds,1333.29,1333.29,1333.29,1333.29,0,0
20120801,AI-FEIN,Fonds,1347.87,1347.87,1347.87,1347.87,0,0
20120731,AI-FEIN,Fonds,1341.38,1341.38,1341.38,1341.38,0,0
20120730,AI-FEIN,Fonds,1353.93,1353.93,1353.93,1353.93,0,0
20120727,AI-FEIN,Fonds,1341.77,1341.77,1341.77,1341.77,0,0
20120726,AI-FEIN,Fonds,1323.39,1323.39,1323.39,1323.39,0,0
20120725,AI-FEIN,Fonds,1317.10,1317.10,1317.10,1317.10,0,0
20120724,AI-FEIN,Fonds,1319.64,1319.64,1319.64,1319.64,0,0
20120723,AI-FEIN,Fonds,1324.83,1324.83,1324.83,1324.83,0,0
20120720,AI-FEIN,Fonds,1333.73,1333.73,1333.73,1333.73,0,0
20120719,AI-FEIN,Fonds,1362.98,1362.98,1362.98,1362.98,0,0
20120718,AI-FEIN,Fonds,1364.49,1364.49,1364.49,1364.49,0,0
20120717,AI-FEIN,Fonds,1363.59,1363.59,1363.59,1363.59,0,0
20120716,AI-FEIN,Fonds,1354.78,1354.78,1354.78,1354.78,0,0
20120713,AI-FEIN,Fonds,1349.80,1349.80,1349.80,1349.80,0,0
20120712,AI-FEIN,Fonds,1341.54,1341.54,1341.54,1341.54,0,0
20120711,AI-FEIN,Fonds,1327.34,1327.34,1327.34,1327.34,0,0
20120710,AI-FEIN,Fonds,1339.43,1339.43,1339.43,1339.43,0,0
20120709,AI-FEIN,Fonds,1328.48,1328.48,1328.48,1328.48,0,0
20120706,AI-FEIN,Fonds,1344.85,1344.85,1344.85,1344.85,0,0
20120704,AI-FEIN,Fonds,1354.28,1354.28,1354.28,1354.28,0,0
20120703,AI-FEIN,Fonds,1352.13,1352.13,1352.13,1352.13,0,0
20120702,AI-FEIN,Fonds,1333.89,1333.89,1333.89,1333.89,0,0
20120629,AI-FEIN,Fonds,1311.23,1311.23,1311.23,1311.23,0,0
20120628,AI-FEIN,Fonds,1309.11,1309.11,1309.11,1309.11,0,0
20120627,AI-FEIN,Fonds,1296.62,1296.62,1296.62,1296.62,0,0
20120626,AI-FEIN,Fonds,1290.61,1290.61,1290.61,1290.61,0,0
20120625,AI-FEIN,Fonds,1267.36,1267.36,1267.36,1267.36,0,0
20120622,AI-FEIN,Fonds,1268.98,1268.98,1268.98,1268.98,0,0
20120621,AI-FEIN,Fonds,1260.21,1260.21,1260.21,1260.21,0,0
20120620,AI-FEIN,Fonds,1268.14,1268.14,1268.14,1268.14,0,0
20120619,AI-FEIN,Fonds,1279.00,1279.00,1279.00,1279.00,0,0
20120618,AI-FEIN,Fonds,1272.93,1272.93,1272.93,1272.93,0,0
20120615,AI-FEIN,Fonds,1276.98,1276.98,1276.98,1276.98,0,0
20120614,AI-FEIN,Fonds,1233.22,1233.22,1233.22,1233.22,0,0
20120613,AI-FEIN,Fonds,1250.99,1250.99,1250.99,1250.99,0,0
20120612,AI-FEIN,Fonds,1285.79,1285.79,1285.79,1285.79,0,0
20120611,AI-FEIN,Fonds,1271.41,1271.41,1271.41,1271.41,0,0
20120608,AI-FEIN,Fonds,1285.10,1285.10,1285.10,1285.10,0,0
20120607,AI-FEIN,Fonds,1272.23,1272.23,1272.23,1272.23,0,0
20120606,AI-FEIN,Fonds,1300.22,1300.22,1300.22,1300.22,0,0
20120605,AI-FEIN,Fonds,1278.35,1278.35,1278.35,1278.35,0,0
20120604,AI-FEIN,Fonds,1236.64,1236.64,1236.64,1236.64,0,0
20120601,AI-FEIN,Fonds,1233.38,1233.38,1233.38,1233.38,0,0
20120531,AI-FEIN,Fonds,1275.15,1275.15,1275.15,1275.15,0,0
20120530,AI-FEIN,Fonds,1250.95,1250.95,1250.95,1250.95,0,0
20120529,AI-FEIN,Fonds,1289.66,1289.66,1289.66,1289.66,0,0
20120525,AI-FEIN,Fonds,1305.78,1305.78,1305.78,1305.78,0,0
20120524,AI-FEIN,Fonds,1302.24,1302.24,1302.24,1302.24,0,0
20120523,AI-FEIN,Fonds,1339.04,1339.04,1339.04,1339.04,0,0
20120522,AI-FEIN,Fonds,1319.75,1319.75,1319.75,1319.75,0,0
20120521,AI-FEIN,Fonds,1332.52,1332.52,1332.52,1332.52,0,0
20120518,AI-FEIN,Fonds,1317.47,1317.47,1317.47,1317.47,0,0
20120515,AI-FEIN,Fonds,1314.74,1314.74,1314.74,1314.74,0,0
20120514,AI-FEIN,Fonds,1331.75,1331.75,1331.75,1331.75,0,0
20120511,AI-FEIN,Fonds,1352.83,1352.83,1352.83,1352.83,0,0
20120510,AI-FEIN,Fonds,1356.54,1356.54,1356.54,1356.54,0,0
20120509,AI-FEIN,Fonds,1353.02,1353.02,1353.02,1353.02,0,0
20120508,AI-FEIN,Fonds,1359.98,1359.98,1359.98,1359.98,0,0
20120507,AI-FEIN,Fonds,1366.51,1366.51,1366.51,1366.51,0,0
20120504,AI-FEIN,Fonds,1353.57,1353.57,1353.57,1353.57,0,0
20120503,AI-FEIN,Fonds,1375.18,1375.18,1375.18,1375.18,0,0
20120502,AI-FEIN,Fonds,1381.13,1381.13,1381.13,1381.13,0,0
20120430,AI-FEIN,Fonds,1360.72,1360.72,1360.72,1360.72,0,0
20120427,AI-FEIN,Fonds,1354.96,1354.96,1354.96,1354.96,0,0
20120426,AI-FEIN,Fonds,1367.23,1367.23,1367.23,1367.23,0,0
20120425,AI-FEIN,Fonds,1369.48,1369.48,1369.48,1369.48,0,0
20120424,AI-FEIN,Fonds,1358.60,1358.60,1358.60,1358.60,0,0
20120423,AI-FEIN,Fonds,1362.00,1362.00,1362.00,1362.00,0,0
20120420,AI-FEIN,Fonds,1369.23,1369.23,1369.23,1369.23,0,0
20120419,AI-FEIN,Fonds,1371.66,1371.66,1371.66,1371.66,0,0
20120418,AI-FEIN,Fonds,1368.24,1368.24,1368.24,1368.24,0,0
20120417,AI-FEIN,Fonds,1369.32,1369.32,1369.32,1369.32,0,0
20120416,AI-FEIN,Fonds,1378.96,1378.96,1378.96,1378.96,0,0
20120413,AI-FEIN,Fonds,1378.22,1378.22,1378.22,1378.22,0,0
20120412,AI-FEIN,Fonds,1367.49,1367.49,1367.49,1367.49,0,0
20120411,AI-FEIN,Fonds,1371.84,1371.84,1371.84,1371.84,0,0
20120410,AI-FEIN,Fonds,1357.26,1357.26,1357.26,1357.26,0,0
20120404,AI-FEIN,Fonds,1373.34,1373.34,1373.34,1373.34,0,0
20120403,AI-FEIN,Fonds,1359.62,1359.62,1359.62,1359.62,0,0
20120402,AI-FEIN,Fonds,1377.86,1377.86,1377.86,1377.86,0,0
20120330,AI-FEIN,Fonds,1364.18,1364.18,1364.18,1364.18,0,0
20120329,AI-FEIN,Fonds,1356.81,1356.81,1356.81,1356.81,0,0
20120328,AI-FEIN,Fonds,1353.24,1353.24,1353.24,1353.24,0,0
20120326,AI-FEIN,Fonds,1320.52,1320.52,1320.52,1320.52,0,0
20120323,AI-FEIN,Fonds,1326.70,1326.70,1326.70,1326.70,0,0
20120321,AI-FEIN,Fonds,1337.57,1337.57,1337.57,1337.57,0,0
20120320,AI-FEIN,Fonds,1327.06,1327.06,1327.06,1327.06,0,0
20120319,AI-FEIN,Fonds,1319.47,1319.47,1319.47,1319.47,0,0
20120316,AI-FEIN,Fonds,1333.88,1333.88,1333.88,1333.88,0,0
20120315,AI-FEIN,Fonds,1341.90,1341.90,1341.90,1341.90,0,0
20120314,AI-FEIN,Fonds,1354.39,1354.39,1354.39,1354.39,0,0
20120313,AI-FEIN,Fonds,1315.48,1315.48,1315.48,1315.48,0,0
20120312,AI-FEIN,Fonds,1303.11,1303.11,1303.11,1303.11,0,0
20120309,AI-FEIN,Fonds,1300.89,1300.89,1300.89,1300.89,0,0
20120308,AI-FEIN,Fonds,1276.79,1276.79,1276.79,1276.79,0,0
20120307,AI-FEIN,Fonds,1286.89,1286.89,1286.89,1286.89,0,0
20120306,AI-FEIN,Fonds,1281.14,1281.14,1281.14,1281.14,0,0
20120305,AI-FEIN,Fonds,1267.89,1267.89,1267.89,1267.89,0,0
20120302,AI-FEIN,Fonds,1292.25,1292.25,1292.25,1292.25,0,0
20120301,AI-FEIN,Fonds,1280.82,1280.82,1280.82,1280.82,0,0
20120229,AI-FEIN,Fonds,1279.51,1279.51,1279.51,1279.51,0,0
20120228,AI-FEIN,Fonds,1277.10,1277.10,1277.10,1277.10,0,0
20120227,AI-FEIN,Fonds,1236.75,1236.75,1236.75,1236.75,0,0
20120224,AI-FEIN,Fonds,1241.46,1241.46,1241.46,1241.46,0,0
20120223,AI-FEIN,Fonds,1261.03,1261.03,1261.03,1261.03,0,0
20120222,AI-FEIN,Fonds,1299.21,1299.21,1299.21,1299.21,0,0
20120221,AI-FEIN,Fonds,1305.05,1305.05,1305.05,1305.05,0,0
20120220,AI-FEIN,Fonds,1312.74,1312.74,1312.74,1312.74,0,0
20120217,AI-FEIN,Fonds,1314.19,1314.19,1314.19,1314.19,0,0
20120216,AI-FEIN,Fonds,1325.81,1325.81,1325.81,1325.81,0,0
20120215,AI-FEIN,Fonds,1323.78,1323.78,1323.78,1323.78,0,0
20120214,AI-FEIN,Fonds,1310.34,1310.34,1310.34,1310.34,0,0
20120213,AI-FEIN,Fonds,1309.60,1309.60,1309.60,1309.60,0,0
20120210,AI-FEIN,Fonds,1311.94,1311.94,1311.94,1311.94,0,0
20120209,AI-FEIN,Fonds,1306.75,1306.75,1306.75,1306.75,0,0
20120208,AI-FEIN,Fonds,1333.41,1333.41,1333.41,1333.41,0,0
20120207,AI-FEIN,Fonds,1330.94,1330.94,1330.94,1330.94,0,0
20120206,AI-FEIN,Fonds,1322.67,1322.67,1322.67,1322.67,0,0
20120203,AI-FEIN,Fonds,1351.32,1351.32,1351.32,1351.32,0,0
20120202,AI-FEIN,Fonds,1365.80,1365.80,1365.80,1365.80,0,0
20120201,AI-FEIN,Fonds,1343.05,1343.05,1343.05,1343.05,0,0
20120131,AI-FEIN,Fonds,1341.86,1341.86,1341.86,1341.86,0,0
20120130,AI-FEIN,Fonds,1318.41,1318.41,1318.41,1318.41,0,0
20120127,AI-FEIN,Fonds,1316.86,1316.86,1316.86,1316.86,0,0
20120126,AI-FEIN,Fonds,1340.87,1340.87,1340.87,1340.87,0,0
20120125,AI-FEIN,Fonds,1366.82,1366.82,1366.82,1366.82,0,0
20120124,AI-FEIN,Fonds,1345.81,1345.81,1345.81,1345.81,0,0
20120123,AI-FEIN,Fonds,1356.07,1356.07,1356.07,1356.07,0,0
20120119,AI-FEIN,Fonds,1356.69,1356.69,1356.69,1356.69,0,0
20120118,AI-FEIN,Fonds,1381.72,1381.72,1381.72,1381.72,0,0
20120117,AI-FEIN,Fonds,1361.63,1361.63,1361.63,1361.63,0,0
20120116,AI-FEIN,Fonds,1346.30,1346.30,1346.30,1346.30,0,0
20120113,AI-FEIN,Fonds,1349.16,1349.16,1349.16,1349.16,0,0
20120112,AI-FEIN,Fonds,1331.17,1331.17,1331.17,1331.17,0,0
20120111,AI-FEIN,Fonds,1334.33,1334.33,1334.33,1334.33,0,0
20120110,AI-FEIN,Fonds,1332.35,1332.35,1332.35,1332.35,0,0
20120109,AI-FEIN,Fonds,1330.90,1330.90,1330.90,1330.90,0,0
20120106,AI-FEIN,Fonds,1321.39,1321.39,1321.39,1321.39,0,0
20120105,AI-FEIN,Fonds,1320.84,1320.84,1320.84,1320.84,0,0
20120104,AI-FEIN,Fonds,1323.58,1323.58,1323.58,1323.58,0,0
20120103,AI-FEIN,Fonds,1315.25,1315.25,1315.25,1315.25,0,0
20120102,AI-FEIN,Fonds,1306.92,1306.92,1306.92,1306.92,0,0
20111230,AI-FEIN,Fonds,1295.17,1295.17,1295.17,1295.17,0,0
20111228,AI-FEIN,Fonds,1286.22,1286.22,1286.22,1286.22,0,0
20111227,AI-FEIN,Fonds,1279.33,1279.33,1279.33,1279.33,0,0
20111223,AI-FEIN,Fonds,1297.65,1297.65,1297.65,1297.65,0,0
20111222,AI-FEIN,Fonds,1284.98,1284.98,1284.98,1284.98,0,0
20111221,AI-FEIN,Fonds,1285.63,1285.63,1285.63,1285.63,0,0
20111220,AI-FEIN,Fonds,1267.97,1267.97,1267.97,1267.97,0,0
20111219,AI-FEIN,Fonds,1275.82,1275.82,1275.82,1275.82,0,0
20111216,AI-FEIN,Fonds,1281.57,1281.57,1281.57,1281.57,0,0
20111215,AI-FEIN,Fonds,1278.27,1278.27,1278.27,1278.27,0,0
20111214,AI-FEIN,Fonds,1254.19,1254.19,1254.19,1254.19,0,0
20111213,AI-FEIN,Fonds,1262.43,1262.43,1262.43,1262.43,0,0
20111212,AI-FEIN,Fonds,1245.87,1245.87,1245.87,1245.87,0,0
20111209,AI-FEIN,Fonds,1244.14,1244.14,1244.14,1244.14,0,0
20111208,AI-FEIN,Fonds,1236.84,1236.84,1236.84,1236.84,0,0
20111207,AI-FEIN,Fonds,1231.70,1231.70,1231.70,1231.70,0,0
20111206,AI-FEIN,Fonds,1234.55,1234.55,1234.55,1234.55,0,0
20111205,AI-FEIN,Fonds,1223.62,1223.62,1223.62,1223.62,0,0
20111202,AI-FEIN,Fonds,1248.04,1248.04,1248.04,1248.04,0,0
20111201,AI-FEIN,Fonds,1243.27,1243.27,1243.27,1243.27,0,0
20111130,AI-FEIN,Fonds,1237.42,1237.42,1237.42,1237.42,0,0
20111129,AI-FEIN,Fonds,1212.89,1212.89,1212.89,1212.89,0,0
20111128,AI-FEIN,Fonds,1227.42,1227.42,1227.42,1227.42,0,0
20111125,AI-FEIN,Fonds,1219.46,1219.46,1219.46,1219.46,0,0
20111124,AI-FEIN,Fonds,1224.82,1224.82,1224.82,1224.82,0,0
20111123,AI-FEIN,Fonds,1222.57,1222.57,1222.57,1222.57,0,0
20111122,AI-FEIN,Fonds,1214.10,1214.10,1214.10,1214.10,0,0
20111121,AI-FEIN,Fonds,1224.45,1224.45,1224.45,1224.45,0,0
20111118,AI-FEIN,Fonds,1226.76,1226.76,1226.76,1226.76,0,0
20111117,AI-FEIN,Fonds,1253.68,1253.68,1253.68,1253.68,0,0
20111116,AI-FEIN,Fonds,1262.83,1262.83,1262.83,1262.83,0,0
20111115,AI-FEIN,Fonds,1255.78,1255.78,1255.78,1255.78,0,0
20111114,AI-FEIN,Fonds,1261.21,1261.21,1261.21,1261.21,0,0
20111111,AI-FEIN,Fonds,1255.21,1255.21,1255.21,1255.21,0,0
20111110,AI-FEIN,Fonds,1251.43,1251.43,1251.43,1251.43,0,0
20111109,AI-FEIN,Fonds,1256.18,1256.18,1256.18,1256.18,0,0
20111108,AI-FEIN,Fonds,1261.20,1261.20,1261.20,1261.20,0,0
20111107,AI-FEIN,Fonds,1238.78,1238.78,1238.78,1238.78,0,0
20111104,AI-FEIN,Fonds,1242.41,1242.41,1242.41,1242.41,0,0
20111103,AI-FEIN,Fonds,1236.16,1236.16,1236.16,1236.16,0,0
20111102,AI-FEIN,Fonds,1221.80,1221.80,1221.80,1221.80,0,0
20111031,AI-FEIN,Fonds,1222.11,1222.11,1222.11,1222.11,0,0
20111028,AI-FEIN,Fonds,1208.58,1208.58,1208.58,1208.58,0,0
20111027,AI-FEIN,Fonds,1222.22,1222.22,1222.22,1222.22,0,0
20111026,AI-FEIN,Fonds,1235.55,1235.55,1235.55,1235.55,0,0
20111025,AI-FEIN,Fonds,1209.31,1209.31,1209.31,1209.31,0,0
20111024,AI-FEIN,Fonds,1213.00,1213.00,1213.00,1213.00,0,0
20111021,AI-FEIN,Fonds,1204.57,1204.57,1204.57,1204.57,0,0
20111020,AI-FEIN,Fonds,1190.57,1190.57,1190.57,1190.57,0,0
20111019,AI-FEIN,Fonds,1203.47,1203.47,1203.47,1203.47,0,0
20111018,AI-FEIN,Fonds,1229.87,1229.87,1229.87,1229.87,0,0
20111017,AI-FEIN,Fonds,1196.05,1196.05,1196.05,1196.05,0,0
20111014,AI-FEIN,Fonds,1221.28,1221.28,1221.28,1221.28,0,0
20111013,AI-FEIN,Fonds,1208.83,1208.83,1208.83,1208.83,0,0
20111012,AI-FEIN,Fonds,1204.76,1204.76,1204.76,1204.76,0,0
20111011,AI-FEIN,Fonds,1176.35,1176.35,1176.35,1176.35,0,0
20111010,AI-FEIN,Fonds,1164.45,1164.45,1164.45,1164.45,0,0
20111007,AI-FEIN,Fonds,1131.45,1131.45,1131.45,1131.45,0,0
20111006,AI-FEIN,Fonds,1173.29,1173.29,1173.29,1173.29,0,0
20111005,AI-FEIN,Fonds,1133.43,1133.43,1133.43,1133.43,0,0
20111004,AI-FEIN,Fonds,1096.17,1096.17,1096.17,1096.17,0,0
20111003,AI-FEIN,Fonds,1092.43,1092.43,1092.43,1092.43,0,0
20110930,AI-FEIN,Fonds,1151.18,1151.18,1151.18,1151.18,0,0
20110929,AI-FEIN,Fonds,1173.67,1173.67,1173.67,1173.67,0,0
20110928,AI-FEIN,Fonds,1158.43,1158.43,1158.43,1158.43,0,0
20110927,AI-FEIN,Fonds,1149.17,1149.17,1149.17,1149.17,0,0
20110926,AI-FEIN,Fonds,1114.16,1114.16,1114.16,1114.16,0,0
20110923,AI-FEIN,Fonds,1090.88,1090.88,1090.88,1090.88,0,0
20110922,AI-FEIN,Fonds,1145.16,1145.16,1145.16,1145.16,0,0
20110921,AI-FEIN,Fonds,1125.17,1125.17,1125.17,1125.17,0,0
20110920,AI-FEIN,Fonds,1219.26,1219.26,1219.26,1219.26,0,0
20110919,AI-FEIN,Fonds,1222.29,1222.29,1222.29,1222.29,0,0
20110916,AI-FEIN,Fonds,1246.93,1246.93,1246.93,1246.93,0,0
20110915,AI-FEIN,Fonds,1252.68,1252.68,1252.68,1252.68,0,0
20110914,AI-FEIN,Fonds,1259.82,1259.82,1259.82,1259.82,0,0
20110913,AI-FEIN,Fonds,1288.58,1288.58,1288.58,1288.58,0,0
20110912,AI-FEIN,Fonds,1320.94,1320.94,1320.94,1320.94,0,0
20110909,AI-FEIN,Fonds,1300.11,1300.11,1300.11,1300.11,0,0
20110908,AI-FEIN,Fonds,1310.42,1310.42,1310.42,1310.42,0,0
20110907,AI-FEIN,Fonds,1314.22,1314.22,1314.22,1314.22,0,0
20110906,AI-FEIN,Fonds,1274.52,1274.52,1274.52,1274.52,0,0
20110905,AI-FEIN,Fonds,1273.00,1273.00,1273.00,1273.00,0,0
20110902,AI-FEIN,Fonds,1282.79,1282.79,1282.79,1282.79,0,0
20110829,AI-FEIN,Fonds,1251.63,1251.63,1251.63,1251.63,0,0
20110826,AI-FEIN,Fonds,1276.74,1276.74,1276.74,1276.74,0,0
20110825,AI-FEIN,Fonds,1251.63,1251.63,1251.63,1251.63,0,0
20110824,AI-FEIN,Fonds,1284.84,1284.84,1284.84,1284.84,0,0
20110823,AI-FEIN,Fonds,1247.89,1247.89,1247.89,1247.89,0,0
20110822,AI-FEIN,Fonds,1306.79,1306.79,1306.79,1306.79,0,0
20110819,AI-FEIN,Fonds,1320.66,1320.66,1320.66,1320.66,0,0
20110815,AI-FEIN,Fonds,1321.03,1321.03,1321.03,1321.03,0,0
20110812,AI-FEIN,Fonds,1293.41,1293.41,1293.41,1293.41,0,0
20110811,AI-FEIN,Fonds,1298.07,1298.07,1298.07,1298.07,0,0
20110810,AI-FEIN,Fonds,1254.49,1254.49,1254.49,1254.49,0,0
20110809,AI-FEIN,Fonds,1245.56,1245.56,1245.56,1245.56,0,0
20110808,AI-FEIN,Fonds,1307.67,1307.67,1307.67,1307.67,0,0
20110805,AI-FEIN,Fonds,1357.69,1357.69,1357.69,1357.69,0,0
20110804,AI-FEIN,Fonds,1364.53,1364.53,1364.53,1364.53,0,0
20110803,AI-FEIN,Fonds,1393.76,1393.76,1393.76,1393.76,0,0
20110802,AI-FEIN,Fonds,1389.83,1389.83,1389.83,1389.83,0,0
20110801,AI-FEIN,Fonds,1370.48,1370.48,1370.48,1370.48,0,0
20110729,AI-FEIN,Fonds,1377.33,1377.33,1377.33,1377.33,0,0
20110728,AI-FEIN,Fonds,1370.78,1370.78,1370.78,1370.78,0,0
20110727,AI-FEIN,Fonds,1365.97,1365.97,1365.97,1365.97,0,0
20110726,AI-FEIN,Fonds,1350.18,1350.18,1350.18,1350.18,0,0
20110725,AI-FEIN,Fonds,1350.45,1350.45,1350.45,1350.45,0,0
20110722,AI-FEIN,Fonds,1357.32,1357.32,1357.32,1357.32,0,0
20110721,AI-FEIN,Fonds,1356.98,1356.98,1356.98,1356.98,0,0
20110720,AI-FEIN,Fonds,1369.62,1369.62,1369.62,1369.62,0,0
20110719,AI-FEIN,Fonds,1377.00,1377.00,1377.00,1377.00,0,0
20110718,AI-FEIN,Fonds,1366.51,1366.51,1366.51,1366.51,0,0
20110715,AI-FEIN,Fonds,1344.28,1344.28,1344.28,1344.28,0,0
20110714,AI-FEIN,Fonds,1351.98,1351.98,1351.98,1351.98,0,0
20110713,AI-FEIN,Fonds,1345.97,1345.97,1345.97,1345.97,0,0
20110712,AI-FEIN,Fonds,1333.90,1333.90,1333.90,1333.90,0,0
20110711,AI-FEIN,Fonds,1320.55,1320.55,1320.55,1320.55,0,0
20110707,AI-FEIN,Fonds,1281.22,1281.22,1281.22,1281.22,0,0
20110706,AI-FEIN,Fonds,1295.50,1295.50,1295.50,1295.50,0,0
20110705,AI-FEIN,Fonds,1309.14,1309.14,1309.14,1309.14,0,0
20110704,AI-FEIN,Fonds,1294.79,1294.79,1294.79,1294.79,0,0
20110701,AI-FEIN,Fonds,1271.78,1271.78,1271.78,1271.78,0,0
20110629,AI-FEIN,Fonds,1267.32,1267.32,1267.32,1267.32,0,0
20110628,AI-FEIN,Fonds,1273.50,1273.50,1273.50,1273.50,0,0
20110623,AI-FEIN,Fonds,1278.49,1278.49,1278.49,1278.49,0,0
20110622,AI-FEIN,Fonds,1259.62,1259.62,1259.62,1259.62,0,0
20110621,AI-FEIN,Fonds,1253.78,1253.78,1253.78,1253.78,0,0
20110620,AI-FEIN,Fonds,1248.34,1248.34,1248.34,1248.34,0,0
20110617,AI-FEIN,Fonds,1261.37,1261.37,1261.37,1261.37,0,0
20110616,AI-FEIN,Fonds,1256.15,1256.15,1256.15,1256.15,0,0
20110615,AI-FEIN,Fonds,1247.49,1247.49,1247.49,1247.49,0,0
20110614,AI-FEIN,Fonds,1265.09,1265.09,1265.09,1265.09,0,0
20110610,AI-FEIN,Fonds,1259.20,1259.20,1259.20,1259.20,0,0
20110607,AI-FEIN,Fonds,1256.24,1256.24,1256.24,1256.24,0,0
20110603,AI-FEIN,Fonds,1271.92,1271.92,1271.92,1271.92,0,0
20110602,AI-FEIN,Fonds,1275.58,1275.58,1275.58,1275.58,0,0
20110531,AI-FEIN,Fonds,1271.53,1271.53,1271.53,1271.53,0,0
20110530,AI-FEIN,Fonds,1287.87,1287.87,1287.87,1287.87,0,0
20110527,AI-FEIN,Fonds,1291.30,1291.30,1291.30,1291.30,0,0
20110526,AI-FEIN,Fonds,1280.71,1280.71,1280.71,1280.71,0,0
20110525,AI-FEIN,Fonds,1287.06,1287.06,1287.06,1287.06,0,0
20110524,AI-FEIN,Fonds,1290.56,1290.56,1290.56,1290.56,0,0
20110523,AI-FEIN,Fonds,1313.18,1313.18,1313.18,1313.18,0,0
20110520,AI-FEIN,Fonds,1314.26,1314.26,1314.26,1314.26,0,0
20110518,AI-FEIN,Fonds,1286.40,1286.40,1286.40,1286.40,0,0
20110516,AI-FEIN,Fonds,1299.34,1299.34,1299.34,1299.34,0,0
20110513,AI-FEIN,Fonds,1291.55,1291.55,1291.55,1291.55,0,0
20110512,AI-FEIN,Fonds,1274.65,1274.65,1274.65,1274.65,0,0
20110511,AI-FEIN,Fonds,1279.40,1279.40,1279.40,1279.40,0,0
20110510,AI-FEIN,Fonds,1262.15,1262.15,1262.15,1262.15,0,0
20110509,AI-FEIN,Fonds,1266.39,1266.39,1266.39,1266.39,0,0
20110506,AI-FEIN,Fonds,1238.12,1238.12,1238.12,1238.12,0,0
20110505,AI-FEIN,Fonds,1220.33,1220.33,1220.33,1220.33,0,0
20110504,AI-FEIN,Fonds,1218.91,1218.91,1218.91,1218.91,0,0
20110503,AI-FEIN,Fonds,1231.39,1231.39,1231.39,1231.39,0,0
20110502,AI-FEIN,Fonds,1225.23,1225.23,1225.23,1225.23,0,0
20110429,AI-FEIN,Fonds,1239.78,1239.78,1239.78,1239.78,0,0
20110418,AI-FEIN,Fonds,1221.24,1221.24,1221.24,1221.24,0,0
20110415,AI-FEIN,Fonds,1227.26,1227.26,1227.26,1227.26,0,0
20110414,AI-FEIN,Fonds,1237.08,1237.08,1237.08,1237.08,0,0
20110413,AI-FEIN,Fonds,1228.09,1228.09,1228.09,1228.09,0,0
20110412,AI-FEIN,Fonds,1236.28,1236.28,1236.28,1236.28,0,0
20110411,AI-FEIN,Fonds,1242.59,1242.59,1242.59,1242.59,0,0
20110408,AI-FEIN,Fonds,1239.65,1239.65,1239.65,1239.65,0,0
20110407,AI-FEIN,Fonds,1232.07,1232.07,1232.07,1232.07,0,0
20110406,AI-FEIN,Fonds,1229.94,1229.94,1229.94,1229.94,0,0
20110405,AI-FEIN,Fonds,1238.5973,1238.5973,1238.5973,1238.5973,0,0
20110404,AI-FEIN,Fonds,1238.946,1238.946,1238.946,1238.946,0,0
20110401,AI-FEIN,Fonds,1237.6977,1237.6977,1237.6977,1237.6977,0,0
20110331,AI-FEIN,Fonds,1232.2033,1232.2033,1232.2033,1232.2033,0,0
20110330,AI-FEIN,Fonds,1208.6004,1208.6004,1208.6004,1208.6004,0,0
20110329,AI-FEIN,Fonds,1212.9758,1212.9758,1212.9758,1212.9758,0,0
20110328,AI-FEIN,Fonds,1218.4325,1218.4325,1218.4325,1218.4325,0,0
20110325,AI-FEIN,Fonds,1214.8808,1214.8808,1214.8808,1214.8808,0,0
20110324,AI-FEIN,Fonds,1189.2637,1189.2637,1189.2637,1189.2637,0,0
20110323,AI-FEIN,Fonds,1175.0026,1175.0026,1175.0026,1175.0026,0,0
20110322,AI-FEIN,Fonds,1175.0657,1175.0657,1175.0657,1175.0657,0,0
20110321,AI-FEIN,Fonds,1181.3583,1181.3583,1181.3583,1181.3583,0,0
20110318,AI-FEIN,Fonds,1175.5776,1175.5776,1175.5776,1175.5776,0,0
20110317,AI-FEIN,Fonds,1179.565,1179.565,1179.565,1179.565,0,0
20110315,AI-FEIN,Fonds,1200.2457,1200.2457,1200.2457,1200.2457,0,0
20110314,AI-FEIN,Fonds,1197.6588,1197.6588,1197.6588,1197.6588,0,0
20110311,AI-FEIN,Fonds,1188.9448,1188.9448,1188.9448,1188.9448,0,0
20110310,AI-FEIN,Fonds,1197.0001,1197.0001,1197.0001,1197.0001,0,0
20110309,AI-FEIN,Fonds,1175.8904,1175.8904,1175.8904,1175.8904,0,0
20110308,AI-FEIN,Fonds,1173.9407,1173.9407,1173.9407,1173.9407,0,0
20110307,AI-FEIN,Fonds,1169.1987,1169.1987,1169.1987,1169.1987,0,0
20110304,AI-FEIN,Fonds,1151.2795,1151.2795,1151.2795,1151.2795,0,0
20110303,AI-FEIN,Fonds,1149.6067,1149.6067,1149.6067,1149.6067,0,0
20110301,AI-FEIN,Fonds,1148.3217,1148.3217,1148.3217,1148.3217,0,0
20110228,AI-FEIN,Fonds,1139.685,1139.685,1139.685,1139.685,0,0
20110225,AI-FEIN,Fonds,1151.3865,1151.3865,1151.3865,1151.3865,0,0
20110224,AI-FEIN,Fonds,1168.1645,1168.1645,1168.1645,1168.1645,0,0
20110223,AI-FEIN,Fonds,1167.9692,1167.9692,1167.9692,1167.9692,0,0
20110222,AI-FEIN,Fonds,1177.6955,1177.6955,1177.6955,1177.6955,0,0
20110221,AI-FEIN,Fonds,1183.0179,1183.0179,1183.0179,1183.0179,0,0
20110218,AI-FEIN,Fonds,1169.7073,1169.7073,1169.7073,1169.7073,0,0
20110217,AI-FEIN,Fonds,1166.5532,1166.5532,1166.5532,1166.5532,0,0
20110215,AI-FEIN,Fonds,1177.8294,1177.8294,1177.8294,1177.8294,0,0
20110214,AI-FEIN,Fonds,1152.0659,1152.0659,1152.0659,1152.0659,0,0
20110211,AI-FEIN,Fonds,1136.6736,1136.6736,1136.6736,1136.6736,0,0
20110210,AI-FEIN,Fonds,1157.127,1157.127,1157.127,1157.127,0,0
20110209,AI-FEIN,Fonds,1188.1122,1188.1122,1188.1122,1188.1122,0,0
20110208,AI-FEIN,Fonds,1168.2147,1168.2147,1168.2147,1168.2147,0,0
20110203,AI-FEIN,Fonds,1160.7317,1160.7317,1160.7317,1160.7317,0,0
20110131,AI-FEIN,Fonds,1179.9219,1179.9219,1179.9219,1179.9219,0,0
20110128,AI-FEIN,Fonds,1202.0006,1202.0006,1202.0006,1202.0006,0,0
20110127,AI-FEIN,Fonds,1170.0367,1170.0367,1170.0367,1170.0367,0,0
20110126,AI-FEIN,Fonds,1146.0104,1146.0104,1146.0104,1146.0104,0,0
20110125,AI-FEIN,Fonds,1130.3664,1130.3664,1130.3664,1130.3664,0,0
20110124,AI-FEIN,Fonds,1150.0069,1150.0069,1150.0069,1150.0069,0,0
20110121,AI-FEIN,Fonds,1181.7202,1181.7202,1181.7202,1181.7202,0,0
20110120,AI-FEIN,Fonds,1219.7492,1219.7492,1219.7492,1219.7492,0,0
20110119,AI-FEIN,Fonds,1225.4057,1225.4057,1225.4057,1225.4057,0,0
20110118,AI-FEIN,Fonds,1227.4149,1227.4149,1227.4149,1227.4149,0,0
20110117,AI-FEIN,Fonds,1230.9535,1230.9535,1230.9535,1230.9535,0,0
20110114,AI-FEIN,Fonds,1276.4337,1276.4337,1276.4337,1276.4337,0,0
20110113,AI-FEIN,Fonds,1263.8468,1263.8468,1263.8468,1263.8468,0,0
20110112,AI-FEIN,Fonds,1235.8959,1235.8959,1235.8959,1235.8959,0,0
20110111,AI-FEIN,Fonds,1240.5754,1240.5754,1240.5754,1240.5754,0,0
20110110,AI-FEIN,Fonds,1312.4044,1312.4044,1312.4044,1312.4044,0,0
20110107,AI-FEIN,Fonds,1351.1417,1351.1417,1351.1417,1351.1417,0,0
20110106,AI-FEIN,Fonds,1338.663,1338.663,1338.663,1338.663,0,0
20110105,AI-FEIN,Fonds,1325.4009,1325.4009,1325.4009,1325.4009,0,0
20110104,AI-FEIN,Fonds,1312.1727,1312.1727,1312.1727,1312.1727,0,0
20101230,AI-FEIN,Fonds,1314.7035,1314.7035,1314.7035,1314.7035,0,0
20101229,AI-FEIN,Fonds,1304.0901,1304.0901,1304.0901,1304.0901,0,0
20101227,AI-FEIN,Fonds,1288.1941,1288.1941,1288.1941,1288.1941,0,0
20101223,AI-FEIN,Fonds,1300.1335,1300.1335,1300.1335,1300.1335,0,0
20101222,AI-FEIN,Fonds,1299.765,1299.765,1299.765,1299.765,0,0
20101221,AI-FEIN,Fonds,1262.1318,1262.1318,1262.1318,1262.1318,0,0
20101220,AI-FEIN,Fonds,1266.9944,1266.9944,1266.9944,1266.9944,0,0
20101217,AI-FEIN,Fonds,1261.1227,1261.1227,1261.1227,1261.1227,0,0
20101216,AI-FEIN,Fonds,1285.0559,1285.0559,1285.0559,1285.0559,0,0
20101215,AI-FEIN,Fonds,1309.7684,1309.7684,1309.7684,1309.7684,0,0
20101214,AI-FEIN,Fonds,1325.9171,1325.9171,1325.9171,1325.9171,0,0
20101213,AI-FEIN,Fonds,1349.6857,1349.6857,1349.6857,1349.6857,0,0
20101210,AI-FEIN,Fonds,1360.6255,1360.6255,1360.6255,1360.6255,0,0
20101209,AI-FEIN,Fonds,1353.287,1353.287,1353.287,1353.287,0,0
20101207,AI-FEIN,Fonds,1349.1231,1349.1231,1349.1231,1349.1231,0,0
20101206,AI-FEIN,Fonds,1364.8882,1364.8882,1364.8882,1364.8882,0,0
20101203,AI-FEIN,Fonds,1383.6502,1383.6502,1383.6502,1383.6502,0,0
20101202,AI-FEIN,Fonds,1338.3387,1338.3387,1338.3387,1338.3387,0,0
20101201,AI-FEIN,Fonds,1333.05,1333.05,1333.05,1333.05,0,0
20101130,AI-FEIN,Fonds,1344.1126,1344.1126,1344.1126,1344.1126,0,0
20101129,AI-FEIN,Fonds,1356.8611,1356.8611,1356.8611,1356.8611,0,0
20101126,AI-FEIN,Fonds,1344.0127,1344.0127,1344.0127,1344.0127,0,0
20101125,AI-FEIN,Fonds,1359.6244,1359.6244,1359.6244,1359.6244,0,0
20101124,AI-FEIN,Fonds,1360.2397,1360.2397,1360.2397,1360.2397,0,0
20101123,AI-FEIN,Fonds,1358.1018,1358.1018,1358.1018,1358.1018,0,0
20101122,AI-FEIN,Fonds,1347.5701,1347.5701,1347.5701,1347.5701,0,0
20101118,AI-FEIN,Fonds,1345.1817,1345.1817,1345.1817,1345.1817,0,0
20101117,AI-FEIN,Fonds,1328.3224,1328.3224,1328.3224,1328.3224,0,0
20101116,AI-FEIN,Fonds,1359.911,1359.911,1359.911,1359.911,0,0
20101115,AI-FEIN,Fonds,1360.7014,1360.7014,1360.7014,1360.7014,0,0
20101112,AI-FEIN,Fonds,1345.1346,1345.1346,1345.1346,1345.1346,0,0
20101111,AI-FEIN,Fonds,1356.9967,1356.9967,1356.9967,1356.9967,0,0
20101110,AI-FEIN,Fonds,1317.7725,1317.7725,1317.7725,1317.7725,0,0
20101109,AI-FEIN,Fonds,1308.7535,1308.7535,1308.7535,1308.7535,0,0
20101108,AI-FEIN,Fonds,1313.9183,1313.9183,1313.9183,1313.9183,0,0
20101105,AI-FEIN,Fonds,1316.0385,1316.0385,1316.0385,1316.0385,0,0
20101104,AI-FEIN,Fonds,1319.9829,1319.9829,1319.9829,1319.9829,0,0
20101102,AI-FEIN,Fonds,1317.0732,1317.0732,1317.0732,1317.0732,0,0
20101101,AI-FEIN,Fonds,1330.2955,1330.2955,1330.2955,1330.2955,0,0
20101029,AI-FEIN,Fonds,1315.7816,1315.7816,1315.7816,1315.7816,0,0
20101028,AI-FEIN,Fonds,1313.3829,1313.3829,1313.3829,1313.3829,0,0
20101027,AI-FEIN,Fonds,1300.2466,1300.2466,1300.2466,1300.2466,0,0
20101026,AI-FEIN,Fonds,1290.5787,1290.5787,1290.5787,1290.5787,0,0
20101025,AI-FEIN,Fonds,1290.2087,1290.2087,1290.2087,1290.2087,0,0
20101022,AI-FEIN,Fonds,1292.4531,1292.4531,1292.4531,1292.4531,0,0
20101021,AI-FEIN,Fonds,1291.69,1291.69,1291.69,1291.69,0,0
20101020,AI-FEIN,Fonds,1281.8991,1281.8991,1281.8991,1281.8991,0,0
20101019,AI-FEIN,Fonds,1280.5208,1280.5208,1280.5208,1280.5208,0,0
20101018,AI-FEIN,Fonds,1300.2688,1300.2688,1300.2688,1300.2688,0,0
20101015,AI-FEIN,Fonds,1304.7593,1304.7593,1304.7593,1304.7593,0,0
20101014,AI-FEIN,Fonds,1284.4176,1284.4176,1284.4176,1284.4176,0,0
20101013,AI-FEIN,Fonds,1278.3799,1278.3799,1278.3799,1278.3799,0,0
20101012,AI-FEIN,Fonds,1277.8527,1277.8527,1277.8527,1277.8527,0,0
20101011,AI-FEIN,Fonds,1271.0471,1271.0471,1271.0471,1271.0471,0,0
20101008,AI-FEIN,Fonds,1292.4008,1292.4008,1292.4008,1292.4008,0,0
20101007,AI-FEIN,Fonds,1300.2329,1300.2329,1300.2329,1300.2329,0,0
20101006,AI-FEIN,Fonds,1300.6075,1300.6075,1300.6075,1300.6075,0,0
20101005,AI-FEIN,Fonds,1277.8228,1277.8228,1277.8228,1277.8228,0,0
20101004,AI-FEIN,Fonds,1269.1741,1269.1741,1269.1741,1269.1741,0,0
20100930,AI-FEIN,Fonds,1283.6567,1283.6567,1283.6567,1283.6567,0,0
20100929,AI-FEIN,Fonds,1258.502,1258.502,1258.502,1258.502,0,0
20100927,AI-FEIN,Fonds,1245.2266,1245.2266,1245.2266,1245.2266,0,0
20100924,AI-FEIN,Fonds,1211.4067,1211.4067,1211.4067,1211.4067,0,0
20100923,AI-FEIN,Fonds,1255.1261,1255.1261,1255.1261,1255.1261,0,0
20100922,AI-FEIN,Fonds,1252.7065,1252.7065,1252.7065,1252.7065,0,0
20100921,AI-FEIN,Fonds,1271.7218,1271.7218,1271.7218,1271.7218,0,0
20100917,AI-FEIN,Fonds,1261.1288,1261.1288,1261.1288,1261.1288,0,0
20100916,AI-FEIN,Fonds,1267.6729,1267.6729,1267.6729,1267.6729,0,0
20100908,AI-FEIN,Fonds,1230.7782,1230.7782,1230.7782,1230.7782,0,0
20100907,AI-FEIN,Fonds,1225.1604,1225.1604,1225.1604,1225.1604,0,0
20100906,AI-FEIN,Fonds,1208.3782,1208.3782,1208.3782,1208.3782,0,0
20100903,AI-FEIN,Fonds,1199.9797,1199.9797,1199.9797,1199.9797,0,0
20100902,AI-FEIN,Fonds,1218.0198,1218.0198,1218.0198,1218.0198,0,0
20100901,AI-FEIN,Fonds,1208.6829,1208.6829,1208.6829,1208.6829,0,0
20100831,AI-FEIN,Fonds,1220.7838,1220.7838,1220.7838,1220.7838,0,0
20100830,AI-FEIN,Fonds,1229.3816,1229.3816,1229.3816,1229.3816,0,0
20100827,AI-FEIN,Fonds,1252.1146,1252.1146,1252.1146,1252.1146,0,0
20100826,AI-FEIN,Fonds,1230.1754,1230.1754,1230.1754,1230.1754,0,0
20100825,AI-FEIN,Fonds,1232.4871,1232.4871,1232.4871,1232.4871,0,0
20100824,AI-FEIN,Fonds,1225.6981,1225.6981,1225.6981,1225.6981,0,0
20100823,AI-FEIN,Fonds,1205.5769,1205.5769,1205.5769,1205.5769,0,0
20100820,AI-FEIN,Fonds,1204.4323,1204.4323,1204.4323,1204.4323,0,0
20100819,AI-FEIN,Fonds,1184.4603,1184.4603,1184.4603,1184.4603,0,0
20100817,AI-FEIN,Fonds,1192.0161,1192.0161,1192.0161,1192.0161,0,0
20100816,AI-FEIN,Fonds,1174.251,1174.251,1174.251,1174.251,0,0
20100813,AI-FEIN,Fonds,1173.9427,1173.9427,1173.9427,1173.9427,0,0
20100812,AI-FEIN,Fonds,1167.9823,1167.9823,1167.9823,1167.9823,0,0
20100811,AI-FEIN,Fonds,1154.4206,1154.4206,1154.4206,1154.4206,0,0
20100810,AI-FEIN,Fonds,1157.1135,1157.1135,1157.1135,1157.1135,0,0
20100809,AI-FEIN,Fonds,1158.3688,1158.3688,1158.3688,1158.3688,0,0
20100806,AI-FEIN,Fonds,1150.4282,1150.4282,1150.4282,1150.4282,0,0
20100805,AI-FEIN,Fonds,1122.3432,1122.3432,1122.3432,1122.3432,0,0
20100804,AI-FEIN,Fonds,1140.8973,1140.8973,1140.8973,1140.8973,0,0
20100803,AI-FEIN,Fonds,1178.5846,1178.5846,1178.5846,1178.5846,0,0
20100802,AI-FEIN,Fonds,1189.8535,1189.8535,1189.8535,1189.8535,0,0
20100730,AI-FEIN,Fonds,1190.2334,1190.2334,1190.2334,1190.2334,0,0
20100729,AI-FEIN,Fonds,1184.9722,1184.9722,1184.9722,1184.9722,0,0
20100728,AI-FEIN,Fonds,1191.7279,1191.7279,1191.7279,1191.7279,0,0
20100727,AI-FEIN,Fonds,1190.5127,1190.5127,1190.5127,1190.5127,0,0
20100726,AI-FEIN,Fonds,1185.686,1185.686,1185.686,1185.686,0,0
20100723,AI-FEIN,Fonds,1183.9862,1183.9862,1183.9862,1183.9862,0,0
20100722,AI-FEIN,Fonds,1189.8431,1189.8431,1189.8431,1189.8431,0,0
20100721,AI-FEIN,Fonds,1175.9859,1175.9859,1175.9859,1175.9859,0,0
20100720,AI-FEIN,Fonds,1163.6523,1163.6523,1163.6523,1163.6523,0,0
20100719,AI-FEIN,Fonds,1159.7995,1159.7995,1159.7995,1159.7995,0,0
20100716,AI-FEIN,Fonds,1165.6333,1165.6333,1165.6333,1165.6333,0,0
20100715,AI-FEIN,Fonds,1170.6029,1170.6029,1170.6029,1170.6029,0,0
20100714,AI-FEIN,Fonds,1176.5882,1176.5882,1176.5882,1176.5882,0,0
20100713,AI-FEIN,Fonds,1180.9771,1180.9771,1180.9771,1180.9771,0,0
20100712,AI-FEIN,Fonds,1161.938,1161.938,1161.938,1161.938,0,0
20100709,AI-FEIN,Fonds,1163.471,1163.471,1163.471,1163.471,0,0
20100708,AI-FEIN,Fonds,1145.9422,1145.9422,1145.9422,1145.9422,0,0
20100707,AI-FEIN,Fonds,1150.649,1150.649,1150.649,1150.649,0,0
20100706,AI-FEIN,Fonds,1148.8674,1148.8674,1148.8674,1148.8674,0,0
20100705,AI-FEIN,Fonds,1157.3021,1157.3021,1157.3021,1157.3021,0,0
20100702,AI-FEIN,Fonds,1163.4225,1163.4225,1163.4225,1163.4225,0,0
20100701,AI-FEIN,Fonds,1162.2341,1162.2341,1162.2341,1162.2341,0,0
20100630,AI-FEIN,Fonds,1166.2631,1166.2631,1166.2631,1166.2631,0,0
20100629,AI-FEIN,Fonds,1191.3702,1191.3702,1191.3702,1191.3702,0,0
20100628,AI-FEIN,Fonds,1177.9846,1177.9846,1177.9846,1177.9846,0,0
20100625,AI-FEIN,Fonds,1185.6118,1185.6118,1185.6118,1185.6118,0,0
20100624,AI-FEIN,Fonds,1172.5877,1172.5877,1172.5877,1172.5877,0,0
20100623,AI-FEIN,Fonds,1163.9287,1163.9287,1163.9287,1163.9287,0,0
20100622,AI-FEIN,Fonds,1169.9305,1169.9305,1169.9305,1169.9305,0,0
20100621,AI-FEIN,Fonds,1147.2648,1147.2648,1147.2648,1147.2648,0,0
20100618,AI-FEIN,Fonds,1128.047,1128.047,1128.047,1128.047,0,0
20100617,AI-FEIN,Fonds,1116.9782,1116.9782,1116.9782,1116.9782,0,0
20100616,AI-FEIN,Fonds,1111.413,1111.413,1111.413,1111.413,0,0
20100615,AI-FEIN,Fonds,1112.1298,1112.1298,1112.1298,1112.1298,0,0
20100614,AI-FEIN,Fonds,1106.0509,1106.0509,1106.0509,1106.0509,0,0
20100611,AI-FEIN,Fonds,1102.3978,1102.3978,1102.3978,1102.3978,0,0
20100610,AI-FEIN,Fonds,1116.939,1116.939,1116.939,1116.939,0,0
20100609,AI-FEIN,Fonds,1115.6015,1115.6015,1115.6015,1115.6015,0,0
20100608,AI-FEIN,Fonds,1089.5102,1089.5102,1089.5102,1089.5102,0,0
20100607,AI-FEIN,Fonds,1097.7681,1097.7681,1097.7681,1097.7681,0,0
20100604,AI-FEIN,Fonds,1099.9317,1099.9317,1099.9317,1099.9317,0,0
20100603,AI-FEIN,Fonds,1065.4406,1065.4406,1065.4406,1065.4406,0,0
20100602,AI-FEIN,Fonds,1094.3606,1094.3606,1094.3606,1094.3606,0,0
20100601,AI-FEIN,Fonds,1094.2672,1094.2672,1094.2672,1094.2672,0,0
20100528,AI-FEIN,Fonds,1051.6125,1051.6125,1051.6125,1051.6125,0,0
20100527,AI-FEIN,Fonds,1029.0513,1029.0513,1029.0513,1029.0513,0,0
20100526,AI-FEIN,Fonds,1026.6984,1026.6984,1026.6984,1026.6984,0,0
20100525,AI-FEIN,Fonds,1012.6325,1012.6325,1012.6325,1012.6325,0,0
20100521,AI-FEIN,Fonds,1045.4956,1045.4956,1045.4956,1045.4956,0,0
20100520,AI-FEIN,Fonds,1068.4809,1068.4809,1068.4809,1068.4809,0,0
20100518,AI-FEIN,Fonds,1063.0307,1063.0307,1063.0307,1063.0307,0,0
20100512,AI-FEIN,Fonds,1070.6227,1070.6227,1070.6227,1070.6227,0,0
20100511,AI-FEIN,Fonds,1068.7701,1068.7701,1068.7701,1068.7701,0,0
20100510,AI-FEIN,Fonds,1030.0805,1030.0805,1030.0805,1030.0805,0,0
20100507,AI-FEIN,Fonds,1035.3904,1035.3904,1035.3904,1035.3904,0,0
20100506,AI-FEIN,Fonds,1070.4311,1070.4311,1070.4311,1070.4311,0,0
20100505,AI-FEIN,Fonds,1109.6199,1109.6199,1109.6199,1109.6199,0,0
20100504,AI-FEIN,Fonds,1101.7145,1101.7145,1101.7145,1101.7145,0,0
20100503,AI-FEIN,Fonds,1095.8212,1095.8212,1095.8212,1095.8212,0,0
20100430,AI-FEIN,Fonds,1089.6485,1089.6485,1089.6485,1089.6485,0,0
20100429,AI-FEIN,Fonds,1082.2991,1082.2991,1082.2991,1082.2991,0,0
20100427,AI-FEIN,Fonds,1097.0977,1097.0977,1097.0977,1097.0977,0,0
20100426,AI-FEIN,Fonds,1092.4205,1092.4205,1092.4205,1092.4205,0,0
20100423,AI-FEIN,Fonds,1078.1743,1078.1743,1078.1743,1078.1743,0,0
20100422,AI-FEIN,Fonds,1080.5599,1080.5599,1080.5599,1080.5599,0,0
20100421,AI-FEIN,Fonds,1070.0743,1070.0743,1070.0743,1070.0743,0,0
20100420,AI-FEIN,Fonds,1053.2466,1053.2466,1053.2466,1053.2466,0,0
20100419,AI-FEIN,Fonds,1064.4145,1064.4145,1064.4145,1064.4145,0,0
20100416,AI-FEIN,Fonds,1077.5815,1077.5815,1077.5815,1077.5815,0,0
20100415,AI-FEIN,Fonds,1072.862,1072.862,1072.862,1072.862,0,0
20100414,AI-FEIN,Fonds,1061.3167,1061.3167,1061.3167,1061.3167,0,0
20100413,AI-FEIN,Fonds,1066.8509,1066.8509,1066.8509,1066.8509,0,0
20100412,AI-FEIN,Fonds,1054.3966,1054.3966,1054.3966,1054.3966,0,0
20100409,AI-FEIN,Fonds,1061.3325,1061.3325,1061.3325,1061.3325,0,0
20100408,AI-FEIN,Fonds,1089.252,1089.252,1089.252,1089.252,0,0
20100407,AI-FEIN,Fonds,1047.2949,1047.2949,1047.2949,1047.2949,0,0
20100406,AI-FEIN,Fonds,1041.6837,1041.6837,1041.6837,1041.6837,0,0
20100331,AI-FEIN,Fonds,1046.2083,1046.2083,1046.2083,1046.2083,0,0
20100330,AI-FEIN,Fonds,1051.2958,1051.2958,1051.2958,1051.2958,0,0
20100329,AI-FEIN,Fonds,1052.1116,1052.1116,1052.1116,1052.1116,0,0
20100326,AI-FEIN,Fonds,1051.4339,1051.4339,1051.4339,1051.4339,0,0
20100325,AI-FEIN,Fonds,1018.0592,1018.0592,1018.0592,1018.0592,0,0
20100324,AI-FEIN,Fonds,1016.7217,1016.7217,1016.7217,1016.7217,0,0
20100323,AI-FEIN,Fonds,1007.1932,1007.1932,1007.1932,1007.1932,0,0
20100322,AI-FEIN,Fonds,1016.163,1016.163,1016.163,1016.163,0,0
20100319,AI-FEIN,Fonds,1001.7064,1001.7064,1001.7064,1001.7064,0,0
20100318,AI-FEIN,Fonds,987.9731,987.9731,987.9731,987.9731,0,0
20100316,AI-FEIN,Fonds,969.2101,969.2101,969.2101,969.2101,0,0
20100315,AI-FEIN,Fonds,968.5767,968.5767,968.5767,968.5767,0,0
20100312,AI-FEIN,Fonds,970.7734,970.7734,970.7734,970.7734,0,0
20100311,AI-FEIN,Fonds,979.841,979.841,979.841,979.841,0,0
20100310,AI-FEIN,Fonds,966.7591,966.7591,966.7591,966.7591,0,0
20100309,AI-FEIN,Fonds,949.1061,949.1061,949.1061,949.1061,0,0
20100308,AI-FEIN,Fonds,935.0009,935.0009,935.0009,935.0009,0,0
20100305,AI-FEIN,Fonds,932.6048,932.6048,932.6048,932.6048,0,0
20100304,AI-FEIN,Fonds,945.5385,945.5385,945.5385,945.5385,0,0
20100303,AI-FEIN,Fonds,945.6041,945.6041,945.6041,945.6041,0,0
20100302,AI-FEIN,Fonds,924.5204,924.5204,924.5204,924.5204,0,0
20100301,AI-FEIN,Fonds,928.4547,928.4547,928.4547,928.4547,0,0
20100226,AI-FEIN,Fonds,919.5335,919.5335,919.5335,919.5335,0,0
20100225,AI-FEIN,Fonds,934.6493,934.6493,934.6493,934.6493,0,0
20100224,AI-FEIN,Fonds,927.623,927.623,927.623,927.623,0,0
20100223,AI-FEIN,Fonds,935.6771,935.6771,935.6771,935.6771,0,0
20100222,AI-FEIN,Fonds,915.0519,915.0519,915.0519,915.0519,0,0
20100219,AI-FEIN,Fonds,924.8082,924.8082,924.8082,924.8082,0,0
20100218,AI-FEIN,Fonds,924.6117,924.6117,924.6117,924.6117,0,0
20100217,AI-FEIN,Fonds,904.4701,904.4701,904.4701,904.4701,0,0
20100216,AI-FEIN,Fonds,906.206,906.206,906.206,906.206,0,0
20100215,AI-FEIN,Fonds,913.5206,913.5206,913.5206,913.5206,0,0
20100212,AI-FEIN,Fonds,889.8908,889.8908,889.8908,889.8908,0,0
20100211,AI-FEIN,Fonds,892.2956,892.2956,892.2956,892.2956,0,0
20100210,AI-FEIN,Fonds,878.8038,878.8038,878.8038,878.8038,0,0
20100209,AI-FEIN,Fonds,888.091,888.091,888.091,888.091,0,0
20100208,AI-FEIN,Fonds,917.1792,917.1792,917.1792,917.1792,0,0
20100205,AI-FEIN,Fonds,935.9454,935.9454,935.9454,935.9454,0,0
20100204,AI-FEIN,Fonds,922.7674,922.7674,922.7674,922.7674,0,0
20100203,AI-FEIN,Fonds,924.1765,924.1765,924.1765,924.1765,0,0
20100201,AI-FEIN,Fonds,929.6963,929.6963,929.6963,929.6963,0,0
20100129,AI-FEIN,Fonds,925.0414,925.0414,925.0414,925.0414,0,0
20100128,AI-FEIN,Fonds,917.6534,917.6534,917.6534,917.6534,0,0
20100127,AI-FEIN,Fonds,914.7295,914.7295,914.7295,914.7295,0,0
20100126,AI-FEIN,Fonds,925.7131,925.7131,925.7131,925.7131,0,0
20100125,AI-FEIN,Fonds,920.4397,920.4397,920.4397,920.4397,0,0
20100122,AI-FEIN,Fonds,937.9232,937.9232,937.9232,937.9232,0,0
20100121,AI-FEIN,Fonds,946.8521,946.8521,946.8521,946.8521,0,0
20100120,AI-FEIN,Fonds,932.1247,932.1247,932.1247,932.1247,0,0
20100119,AI-FEIN,Fonds,931.4655,931.4655,931.4655,931.4655,0,0
20100118,AI-FEIN,Fonds,930.0029,930.0029,930.0029,930.0029,0,0
20100115,AI-FEIN,Fonds,937.8994,937.8994,937.8994,937.8994,0,0
20100114,AI-FEIN,Fonds,925.8131,925.8131,925.8131,925.8131,0,0
20100113,AI-FEIN,Fonds,933.2333,933.2333,933.2333,933.2333,0,0
20100112,AI-FEIN,Fonds,938.0502,938.0502,938.0502,938.0502,0,0
20100111,AI-FEIN,Fonds,925.0871,925.0871,925.0871,925.0871,0,0
20100108,AI-FEIN,Fonds,913.4579,913.4579,913.4579,913.4579,0,0
20100107,AI-FEIN,Fonds,912.2562,912.2562,912.2562,912.2562,0,0
20100106,AI-FEIN,Fonds,908.5701,908.5701,908.5701,908.5701,0,0
20100105,AI-FEIN,Fonds,899.1589,899.1589,899.1589,899.1589,0,0
20100104,AI-FEIN,Fonds,886.1583,886.1583,886.1583,886.1583,0,0
20091230,AI-FEIN,Fonds,880.5175,880.5175,880.5175,880.5175,0,0
20091228,AI-FEIN,Fonds,877.3074,877.3074,877.3074,877.3074,0,0
20091223,AI-FEIN,Fonds,870.3699,870.3699,870.3699,870.3699,0,0
20091222,AI-FEIN,Fonds,869.6844,869.6844,869.6844,869.6844,0,0
20091218,AI-FEIN,Fonds,883.3026,883.3026,883.3026,883.3026,0,0
20091217,AI-FEIN,Fonds,880.8768,880.8768,880.8768,880.8768,0,0
20091216,AI-FEIN,Fonds,875.4526,875.4526,875.4526,875.4526,0,0
20091215,AI-FEIN,Fonds,884.2025,884.2025,884.2025,884.2025,0,0
20091214,AI-FEIN,Fonds,880.6699,880.6699,880.6699,880.6699,0,0
20091211,AI-FEIN,Fonds,872.1111,872.1111,872.1111,872.1111,0,0
20091210,AI-FEIN,Fonds,876.0755,876.0755,876.0755,876.0755,0,0
20091209,AI-FEIN,Fonds,867.6677,867.6677,867.6677,867.6677,0,0
20091208,AI-FEIN,Fonds,864.9258,864.9258,864.9258,864.9258,0,0
20091207,AI-FEIN,Fonds,855.9698,855.9698,855.9698,855.9698,0,0
20091204,AI-FEIN,Fonds,844.9805,844.9805,844.9805,844.9805,0,0
20091203,AI-FEIN,Fonds,845.8156,845.8156,845.8156,845.8156,0,0
20091202,AI-FEIN,Fonds,836.7712,836.7712,836.7712,836.7712,0,0
20091201,AI-FEIN,Fonds,835.0098,835.0098,835.0098,835.0098,0,0
20091127,AI-FEIN,Fonds,831.7874,831.7874,831.7874,831.7874,0,0
20091126,AI-FEIN,Fonds,840.1021,840.1021,840.1021,840.1021,0,0
20091125,AI-FEIN,Fonds,841.0461,841.0461,841.0461,841.0461,0,0
20091124,AI-FEIN,Fonds,851.871,851.871,851.871,851.871,0,0
20091123,AI-FEIN,Fonds,846.1549,846.1549,846.1549,846.1549,0,0
20091120,AI-FEIN,Fonds,853.6296,853.6296,853.6296,853.6296,0,0
20091119,AI-FEIN,Fonds,855.6438,855.6438,855.6438,855.6438,0,0
20091118,AI-FEIN,Fonds,846.143,846.143,846.143,846.143,0,0
20091117,AI-FEIN,Fonds,845.6587,845.6587,845.6587,845.6587,0,0
20091116,AI-FEIN,Fonds,834.1082,834.1082,834.1082,834.1082,0,0
20091113,AI-FEIN,Fonds,829.4015,829.4015,829.4015,829.4015,0,0
20091112,AI-FEIN,Fonds,817.5407,817.5407,817.5407,817.5407,0,0
20091111,AI-FEIN,Fonds,821.6328,821.6328,821.6328,821.6328,0,0
20091110,AI-FEIN,Fonds,828.9146,828.9146,828.9146,828.9146,0,0
20091109,AI-FEIN,Fonds,822.6293,822.6293,822.6293,822.6293,0,0
20091106,AI-FEIN,Fonds,810.2871,810.2871,810.2871,810.2871,0,0
20091105,AI-FEIN,Fonds,816.2337,816.2337,816.2337,816.2337,0,0
20091104,AI-FEIN,Fonds,813.2091,813.2091,813.2091,813.2091,0,0
20091103,AI-FEIN,Fonds,799.1875,799.1875,799.1875,799.1875,0,0
20091102,AI-FEIN,Fonds,814.9207,814.9207,814.9207,814.9207,0,0
20091030,AI-FEIN,Fonds,772.9219,772.9219,772.9219,772.9219,0,0
20091029,AI-FEIN,Fonds,800.6785,800.6785,800.6785,800.6785,0,0
20091028,AI-FEIN,Fonds,820.8425,820.8425,820.8425,820.8425,0,0
20091027,AI-FEIN,Fonds,833.6181,833.6181,833.6181,833.6181,0,0
20091026,AI-FEIN,Fonds,824.3089,824.3089,824.3089,824.3089,0,0
20091023,AI-FEIN,Fonds,830.6109,830.6109,830.6109,830.6109,0,0
20091022,AI-FEIN,Fonds,847.7539,847.7539,847.7539,847.7539,0,0
20091021,AI-FEIN,Fonds,860.4206,860.4206,860.4206,860.4206,0,0
20091020,AI-FEIN,Fonds,864.7361,864.7361,864.7361,864.7361,0,0
20091019,AI-FEIN,Fonds,860.8238,860.8238,860.8238,860.8238,0,0
20091016,AI-FEIN,Fonds,865.823,865.823,865.823,865.823,0,0
20091015,AI-FEIN,Fonds,858.19,858.19,858.19,858.19,0,0
20091014,AI-FEIN,Fonds,847.6391,847.6391,847.6391,847.6391,0,0
20091013,AI-FEIN,Fonds,843.4375,843.4375,843.4375,843.4375,0,0
20091012,AI-FEIN,Fonds,853.9789,853.9789,853.9789,853.9789,0,0
20091009,AI-FEIN,Fonds,862.3553,862.3553,862.3553,862.3553,0,0
20091008,AI-FEIN,Fonds,871.6587,871.6587,871.6587,871.6587,0,0
20091007,AI-FEIN,Fonds,869.841,869.841,869.841,869.841,0,0
20091006,AI-FEIN,Fonds,851.2381,851.2381,851.2381,851.2381,0,0
20091005,AI-FEIN,Fonds,849.3475,849.3475,849.3475,849.3475,0,0
20091001,AI-FEIN,Fonds,851.6817,851.6817,851.6817,851.6817,0,0
20090930,AI-FEIN,Fonds,839.4677,839.4677,839.4677,839.4677,0,0
20090929,AI-FEIN,Fonds,828.4229,828.4229,828.4229,828.4229,0,0
20090928,AI-FEIN,Fonds,840.3654,840.3654,840.3654,840.3654,0,0
20090925,AI-FEIN,Fonds,852.172,852.172,852.172,852.172,0,0
20090918,AI-FEIN,Fonds,852.8596,852.8596,852.8596,852.8596,0,0
20090917,AI-FEIN,Fonds,841.7712,841.7712,841.7712,841.7712,0,0
20090916,AI-FEIN,Fonds,829.6293,829.6293,829.6293,829.6293,0,0
20090915,AI-FEIN,Fonds,820.3324,820.3324,820.3324,820.3324,0,0
20090914,AI-FEIN,Fonds,836.2874,836.2874,836.2874,836.2874,0,0
20090911,AI-FEIN,Fonds,822.4696,822.4696,822.4696,822.4696,0,0
20090910,AI-FEIN,Fonds,808.8721,808.8721,808.8721,808.8721,0,0
20090909,AI-FEIN,Fonds,799.4488,799.4488,799.4488,799.4488,0,0
20090908,AI-FEIN,Fonds,801.0881,801.0881,801.0881,801.0881,0,0
20090907,AI-FEIN,Fonds,798.3661,798.3661,798.3661,798.3661,0,0
20090904,AI-FEIN,Fonds,800.4906,800.4906,800.4906,800.4906,0,0
20090903,AI-FEIN,Fonds,778.565,778.565,778.565,778.565,0,0
20090902,AI-FEIN,Fonds,804.3291,804.3291,804.3291,804.3291,0,0
20090901,AI-FEIN,Fonds,806.1527,806.1527,806.1527,806.1527,0,0
20090831,AI-FEIN,Fonds,821.1108,821.1108,821.1108,821.1108,0,0
20090828,AI-FEIN,Fonds,818.6061,818.6061,818.6061,818.6061,0,0
20090827,AI-FEIN,Fonds,825.1799,825.1799,825.1799,825.1799,0,0
20090826,AI-FEIN,Fonds,822.8194,822.8194,822.8194,822.8194,0,0
20090825,AI-FEIN,Fonds,817.729,817.729,817.729,817.729,0,0
20090821,AI-FEIN,Fonds,807.3366,807.3366,807.3366,807.3366,0,0
20090820,AI-FEIN,Fonds,831.2964,831.2964,831.2964,831.2964,0,0
20090819,AI-FEIN,Fonds,829.2276,829.2276,829.2276,829.2276,0,0
20090817,AI-FEIN,Fonds,837.2709,837.2709,837.2709,837.2709,0,0
20090814,AI-FEIN,Fonds,851.1493,851.1493,851.1493,851.1493,0,0
20090813,AI-FEIN,Fonds,863.2295,863.2295,863.2295,863.2295,0,0
20090812,AI-FEIN,Fonds,863.6275,863.6275,863.6275,863.6275,0,0
20090811,AI-FEIN,Fonds,849.8831,849.8831,849.8831,849.8831,0,0
20090810,AI-FEIN,Fonds,831.2056,831.2056,831.2056,831.2056,0,0
20090807,AI-FEIN,Fonds,817.7336,817.7336,817.7336,817.7336,0,0
20090806,AI-FEIN,Fonds,824.617,824.617,824.617,824.617,0,0
20090805,AI-FEIN,Fonds,829.0367,829.0367,829.0367,829.0367,0,0
20090804,AI-FEIN,Fonds,839.2338,839.2338,839.2338,839.2338,0,0
20090803,AI-FEIN,Fonds,835.7449,835.7449,835.7449,835.7449,0,0
20090731,AI-FEIN,Fonds,809.1517,809.1517,809.1517,809.1517,0,0
20090730,AI-FEIN,Fonds,793.5858,793.5858,793.5858,793.5858,0,0
20090729,AI-FEIN,Fonds,790.132,790.132,790.132,790.132,0,0
20090728,AI-FEIN,Fonds,779.0887,779.0887,779.0887,779.0887,0,0
20090727,AI-FEIN,Fonds,781.9062,781.9062,781.9062,781.9062,0,0
20090724,AI-FEIN,Fonds,770.8518,770.8518,770.8518,770.8518,0,0
20090723,AI-FEIN,Fonds,765.6085,765.6085,765.6085,765.6085,0,0
20090722,AI-FEIN,Fonds,760.0128,760.0128,760.0128,760.0128,0,0
20090720,AI-FEIN,Fonds,753.202,753.202,753.202,753.202,0,0
20090717,AI-FEIN,Fonds,769.8174,769.8174,769.8174,769.8174,0,0
20090716,AI-FEIN,Fonds,757.6426,757.6426,757.6426,757.6426,0,0
20090715,AI-FEIN,Fonds,737.8235,737.8235,737.8235,737.8235,0,0
20090714,AI-FEIN,Fonds,736.0112,736.0112,736.0112,736.0112,0,0
20090710,AI-FEIN,Fonds,754.6044,754.6044,754.6044,754.6044,0,0
20090708,AI-FEIN,Fonds,744.4119,744.4119,744.4119,744.4119,0,0
20090707,AI-FEIN,Fonds,727.0498,727.0498,727.0498,727.0498,0,0
20090706,AI-FEIN,Fonds,729.3174,729.3174,729.3174,729.3174,0,0
20090703,AI-FEIN,Fonds,729.5532,729.5532,729.5532,729.5532,0,0
20090702,AI-FEIN,Fonds,727.3945,727.3945,727.3945,727.3945,0,0
20090630,AI-FEIN,Fonds,722.6863,722.6863,722.6863,722.6863,0,0
20090629,AI-FEIN,Fonds,736.9363,736.9363,736.9363,736.9363,0,0
20090626,AI-FEIN,Fonds,712.8941,712.8941,712.8941,712.8941,0,0
20090625,AI-FEIN,Fonds,693.2239,693.2239,693.2239,693.2239,0,0
20090624,AI-FEIN,Fonds,674.9831,674.9831,674.9831,674.9831,0,0
20090623,AI-FEIN,Fonds,697.2773,697.2773,697.2773,697.2773,0,0
20090622,AI-FEIN,Fonds,680.4868,680.4868,680.4868,680.4868,0,0
20090619,AI-FEIN,Fonds,696.6016,696.6016,696.6016,696.6016,0,0
20090618,AI-FEIN,Fonds,710.9911,710.9911,710.9911,710.9911,0,0
20090617,AI-FEIN,Fonds,713.5816,713.5816,713.5816,713.5816,0,0
20090616,AI-FEIN,Fonds,740.6024,740.6024,740.6024,740.6024,0,0
20090612,AI-FEIN,Fonds,751.9912,751.9912,751.9912,751.9912,0,0
20090611,AI-FEIN,Fonds,756.031,756.031,756.031,756.031,0,0
20090610,AI-FEIN,Fonds,754.1356,754.1356,754.1356,754.1356,0,0
20090609,AI-FEIN,Fonds,768.9522,768.9522,768.9522,768.9522,0,0
20090608,AI-FEIN,Fonds,731.6892,731.6892,731.6892,731.6892,0,0
20090605,AI-FEIN,Fonds,701.6742,701.6742,701.6742,701.6742,0,0
20090604,AI-FEIN,Fonds,688.4148,688.4148,688.4148,688.4148,0,0
20090603,AI-FEIN,Fonds,693.5344,693.5344,693.5344,693.5344,0,0
20090602,AI-FEIN,Fonds,666.2502,666.2502,666.2502,666.2502,0,0
20090529,AI-FEIN,Fonds,652.7536,652.7536,652.7536,652.7536,0,0
20090528,AI-FEIN,Fonds,645.7358,645.7358,645.7358,645.7358,0,0
20090527,AI-FEIN,Fonds,646.5585,646.5585,646.5585,646.5585,0,0
20090526,AI-FEIN,Fonds,656.3785,656.3785,656.3785,656.3785,0,0
20090525,AI-FEIN,Fonds,639.723,639.723,639.723,639.723,0,0
20090522,AI-FEIN,Fonds,669.2297,669.2297,669.2297,669.2297,0,0
20090520,AI-FEIN,Fonds,645.8712,645.8712,645.8712,645.8712,0,0
20090519,AI-FEIN,Fonds,595.1618,595.1618,595.1618,595.1618,0,0
20090518,AI-FEIN,Fonds,619.604,619.604,619.604,619.604,0,0
20090515,AI-FEIN,Fonds,627.5011,627.5011,627.5011,627.5011,0,0
20090514,AI-FEIN,Fonds,645.7289,645.7289,645.7289,645.7289,0,0
20090513,AI-FEIN,Fonds,617.4886,617.4886,617.4886,617.4886,0,0
20090511,AI-FEIN,Fonds,637.4556,637.4556,637.4556,637.4556,0,0
20090508,AI-FEIN,Fonds,626.3597,626.3597,626.3597,626.3597,0,0
20090507,AI-FEIN,Fonds,600.9764,600.9764,600.9764,600.9764,0,0
20090506,AI-FEIN,Fonds,607.0678,607.0678,607.0678,607.0678,0,0
20090505,AI-FEIN,Fonds,575.4607,575.4607,575.4607,575.4607,0,0
20090504,AI-FEIN,Fonds,560.0271,560.0271,560.0271,560.0271,0,0
20090501,AI-FEIN,Fonds,538.1989,538.1989,538.1989,538.1989,0,0
20090429,AI-FEIN,Fonds,512.2945,512.2945,512.2945,512.2945,0,0
20090428,AI-FEIN,Fonds,519.6662,519.6662,519.6662,519.6662,0,0
20090427,AI-FEIN,Fonds,520.5633,520.5633,520.5633,520.5633,0,0
20090424,AI-FEIN,Fonds,527.6758,527.6758,527.6758,527.6758,0,0
20090423,AI-FEIN,Fonds,561.0578,561.0578,561.0578,561.0578,0,0
20090422,AI-FEIN,Fonds,542.3819,542.3819,542.3819,542.3819,0,0
20090420,AI-FEIN,Fonds,548.1938,548.1938,548.1938,548.1938,0,0
20090417,AI-FEIN,Fonds,538.0208,538.0208,538.0208,538.0208,0,0
20090416,AI-FEIN,Fonds,509.0387,509.0387,509.0387,509.0387,0,0
20090415,AI-FEIN,Fonds,478.2962,478.2962,478.2962,478.2962,0,0
20090414,AI-FEIN,Fonds,447.3684,447.3684,447.3684,447.3684,0,0
20090408,AI-FEIN,Fonds,451.6386,451.6386,451.6386,451.6386,0,0
20090407,AI-FEIN,Fonds,449.9229,449.9229,449.9229,449.9229,0,0
20090406,AI-FEIN,Fonds,457.6738,457.6738,457.6738,457.6738,0,0
20090403,AI-FEIN,Fonds,445.7521,445.7521,445.7521,445.7521,0,0
20090402,AI-FEIN,Fonds,439.9222,439.9222,439.9222,439.9222,0,0
20090401,AI-FEIN,Fonds,423.0481,423.0481,423.0481,423.0481,0,0
20090331,AI-FEIN,Fonds,418.2491,418.2491,418.2491,418.2491,0,0
20090330,AI-FEIN,Fonds,426.8944,426.8944,426.8944,426.8944,0,0
20090326,AI-FEIN,Fonds,414.9063,414.9063,414.9063,414.9063,0,0
20090325,AI-FEIN,Fonds,412.1011,412.1011,412.1011,412.1011,0,0
20090324,AI-FEIN,Fonds,391.2631,391.2631,391.2631,391.2631,0,0
20090323,AI-FEIN,Fonds,400.5948,400.5948,400.5948,400.5948,0,0
20090320,AI-FEIN,Fonds,395.2191,395.2191,395.2191,395.2191,0,0
20090319,AI-FEIN,Fonds,388.5611,388.5611,388.5611,388.5611,0,0
20090318,AI-FEIN,Fonds,390.0709,390.0709,390.0709,390.0709,0,0
20090317,AI-FEIN,Fonds,400.3899,400.3899,400.3899,400.3899,0,0
20090316,AI-FEIN,Fonds,398.7925,398.7925,398.7925,398.7925,0,0
20090313,AI-FEIN,Fonds,396.8496,396.8496,396.8496,396.8496,0,0
20090312,AI-FEIN,Fonds,404.8041,404.8041,404.8041,404.8041,0,0
20090311,AI-FEIN,Fonds,394.9033,394.9033,394.9033,394.9033,0,0
20090309,AI-FEIN,Fonds,394.0424,394.0424,394.0424,394.0424,0,0
20090306,AI-FEIN,Fonds,398.3935,398.3935,398.3935,398.3935,0,0
20090305,AI-FEIN,Fonds,395.311,395.311,395.311,395.311,0,0
20090304,AI-FEIN,Fonds,389.6811,389.6811,389.6811,389.6811,0,0
20090303,AI-FEIN,Fonds,383.9133,383.9133,383.9133,383.9133,0,0
20090302,AI-FEIN,Fonds,386.1134,386.1134,386.1134,386.1134,0,0
20090227,AI-FEIN,Fonds,386.966,386.966,386.966,386.966,0,0
20090226,AI-FEIN,Fonds,386.0436,386.0436,386.0436,386.0436,0,0
20090225,AI-FEIN,Fonds,383.6879,383.6879,383.6879,383.6879,0,0
20090224,AI-FEIN,Fonds,388.1856,388.1856,388.1856,388.1856,0,0
20090223,AI-FEIN,Fonds,391.785,391.785,391.785,391.785,0,0
20090220,AI-FEIN,Fonds,403.8947,403.8947,403.8947,403.8947,0,0
20090219,AI-FEIN,Fonds,400.6188,400.6188,400.6188,400.6188,0,0
20090218,AI-FEIN,Fonds,396.5253,396.5253,396.5253,396.5253,0,0
20090217,AI-FEIN,Fonds,395.2506,395.2506,395.2506,395.2506,0,0
20090216,AI-FEIN,Fonds,400.9866,400.9866,400.9866,400.9866,0,0
20090213,AI-FEIN,Fonds,387.6184,387.6184,387.6184,387.6184,0,0
20090212,AI-FEIN,Fonds,382.9807,382.9807,382.9807,382.9807,0,0
20090211,AI-FEIN,Fonds,384.5556,384.5556,384.5556,384.5556,0,0
20090209,AI-FEIN,Fonds,399.8318,399.8318,399.8318,399.8318,0,0
20090206,AI-FEIN,Fonds,397.6212,397.6212,397.6212,397.6212,0,0
20090205,AI-FEIN,Fonds,398.7555,398.7555,398.7555,398.7555,0,0
20090204,AI-FEIN,Fonds,402.1336,402.1336,402.1336,402.1336,0,0
20090203,AI-FEIN,Fonds,407.7697,407.7697,407.7697,407.7697,0,0
20090202,AI-FEIN,Fonds,402.7851,402.7851,402.7851,402.7851,0,0
20090130,AI-FEIN,Fonds,398.7468,398.7468,398.7468,398.7468,0,0
