quote_date,paper,exch,open,high,low,close,volume,value
20171120,SR-KOMBA,Fonds,1458.066,1458.066,1458.066,1458.066,0,0
20171117,SR-KOMBA,Fonds,1454.2038,1454.2038,1454.2038,1454.2038,0,0
20171116,SR-KOMBA,Fonds,1458.0987,1458.0987,1458.0987,1458.0987,0,0
20171115,SR-KOMBA,Fonds,1453.1136,1453.1136,1453.1136,1453.1136,0,0
20171114,SR-KOMBA,Fonds,1458.3427,1458.3427,1458.3427,1458.3427,0,0
20171113,SR-KOMBA,Fonds,1461.9932,1461.9932,1461.9932,1461.9932,0,0
20171110,SR-KOMBA,Fonds,1467.4396,1467.4396,1467.4396,1467.4396,0,0
20171109,SR-KOMBA,Fonds,1469.1427,1469.1427,1469.1427,1469.1427,0,0
20171108,SR-KOMBA,Fonds,1477.0237,1477.0237,1477.0237,1477.0237,0,0
20171107,SR-KOMBA,Fonds,1468.5355,1468.5355,1468.5355,1468.5355,0,0
20171106,SR-KOMBA,Fonds,1472.1595,1472.1595,1472.1595,1472.1595,0,0
20171103,SR-KOMBA,Fonds,1470.1437,1470.1437,1470.1437,1470.1437,0,0
20171102,SR-KOMBA,Fonds,1467.2741,1467.2741,1467.2741,1467.2741,0,0
20171101,SR-KOMBA,Fonds,1475.6658,1475.6658,1475.6658,1475.6658,0,0
20171031,SR-KOMBA,Fonds,1470.8409,1470.8409,1470.8409,1470.8409,0,0
20171030,SR-KOMBA,Fonds,1468.2583,1468.2583,1468.2583,1468.2583,0,0
20171027,SR-KOMBA,Fonds,1466.1061,1466.1061,1466.1061,1466.1061,0,0
20171026,SR-KOMBA,Fonds,1458.7308,1458.7308,1458.7308,1458.7308,0,0
20171025,SR-KOMBA,Fonds,1452.5145,1452.5145,1452.5145,1452.5145,0,0
20171024,SR-KOMBA,Fonds,1451.8566,1451.8566,1451.8566,1451.8566,0,0
20171023,SR-KOMBA,Fonds,1452.8732,1452.8732,1452.8732,1452.8732,0,0
20171020,SR-KOMBA,Fonds,1454.6403,1454.6403,1454.6403,1454.6403,0,0
20171019,SR-KOMBA,Fonds,1452.9292,1452.9292,1452.9292,1452.9292,0,0
20171018,SR-KOMBA,Fonds,1454.5427,1454.5427,1454.5427,1454.5427,0,0
20171017,SR-KOMBA,Fonds,1454.4376,1454.4376,1454.4376,1454.4376,0,0
20171016,SR-KOMBA,Fonds,1455.572,1455.572,1455.572,1455.572,0,0
20171013,SR-KOMBA,Fonds,1457.5826,1457.5826,1457.5826,1457.5826,0,0
20171012,SR-KOMBA,Fonds,1459.1146,1459.1146,1459.1146,1459.1146,0,0
20171011,SR-KOMBA,Fonds,1460.1681,1460.1681,1460.1681,1460.1681,0,0
20171010,SR-KOMBA,Fonds,1459.4366,1459.4366,1459.4366,1459.4366,0,0
20171009,SR-KOMBA,Fonds,1459.9192,1459.9192,1459.9192,1459.9192,0,0
20171006,SR-KOMBA,Fonds,1459.4189,1459.4189,1459.4189,1459.4189,0,0
20171005,SR-KOMBA,Fonds,1460.6999,1460.6999,1460.6999,1460.6999,0,0
20171004,SR-KOMBA,Fonds,1456.5532,1456.5532,1456.5532,1456.5532,0,0
20171003,SR-KOMBA,Fonds,1458.7986,1458.7986,1458.7986,1458.7986,0,0
20171002,SR-KOMBA,Fonds,1452.9535,1452.9535,1452.9535,1452.9535,0,0
20170929,SR-KOMBA,Fonds,1451.2683,1451.2683,1451.2683,1451.2683,0,0
20170928,SR-KOMBA,Fonds,1448.0619,1448.0619,1448.0619,1448.0619,0,0
20170927,SR-KOMBA,Fonds,1444.1167,1444.1167,1444.1167,1444.1167,0,0
20170926,SR-KOMBA,Fonds,1440.694,1440.694,1440.694,1440.694,0,0
20170925,SR-KOMBA,Fonds,1443.6331,1443.6331,1443.6331,1443.6331,0,0
20170922,SR-KOMBA,Fonds,1441.0925,1441.0925,1441.0925,1441.0925,0,0
20170921,SR-KOMBA,Fonds,1440.1867,1440.1867,1440.1867,1440.1867,0,0
20170920,SR-KOMBA,Fonds,1440.2896,1440.2896,1440.2896,1440.2896,0,0
20170919,SR-KOMBA,Fonds,1440.8915,1440.8915,1440.8915,1440.8915,0,0
20170918,SR-KOMBA,Fonds,1438.5748,1438.5748,1438.5748,1438.5748,0,0
20170915,SR-KOMBA,Fonds,1434.8976,1434.8976,1434.8976,1434.8976,0,0
20170914,SR-KOMBA,Fonds,1434.8657,1434.8657,1434.8657,1434.8657,0,0
20170913,SR-KOMBA,Fonds,1437.5605,1437.5605,1437.5605,1437.5605,0,0
20170912,SR-KOMBA,Fonds,1432.1492,1432.1492,1432.1492,1432.1492,0,0
20170911,SR-KOMBA,Fonds,1424.6766,1424.6766,1424.6766,1424.6766,0,0
20170908,SR-KOMBA,Fonds,1417.4577,1417.4577,1417.4577,1417.4577,0,0
20170907,SR-KOMBA,Fonds,1419.0808,1419.0808,1419.0808,1419.0808,0,0
20170906,SR-KOMBA,Fonds,1416.3616,1416.3616,1416.3616,1416.3616,0,0
20170905,SR-KOMBA,Fonds,1417.5202,1417.5202,1417.5202,1417.5202,0,0
20170904,SR-KOMBA,Fonds,1415.991,1415.991,1415.991,1415.991,0,0
20170901,SR-KOMBA,Fonds,1418.0617,1418.0617,1418.0617,1418.0617,0,0
20170831,SR-KOMBA,Fonds,1414.9852,1414.9852,1414.9852,1414.9852,0,0
20170830,SR-KOMBA,Fonds,1411.554,1411.554,1411.554,1411.554,0,0
20170829,SR-KOMBA,Fonds,1407.838,1407.838,1407.838,1407.838,0,0
20170828,SR-KOMBA,Fonds,1410.1492,1410.1492,1410.1492,1410.1492,0,0
20170825,SR-KOMBA,Fonds,1412.6789,1412.6789,1412.6789,1412.6789,0,0
20170824,SR-KOMBA,Fonds,1414.4178,1414.4178,1414.4178,1414.4178,0,0
20170823,SR-KOMBA,Fonds,1417.2895,1417.2895,1417.2895,1417.2895,0,0
20170822,SR-KOMBA,Fonds,1417.9594,1417.9594,1417.9594,1417.9594,0,0
20170821,SR-KOMBA,Fonds,1413.063,1413.063,1413.063,1413.063,0,0
20170818,SR-KOMBA,Fonds,1413.9987,1413.9987,1413.9987,1413.9987,0,0
20170817,SR-KOMBA,Fonds,1415.7456,1415.7456,1415.7456,1415.7456,0,0
20170816,SR-KOMBA,Fonds,1420.6373,1420.6373,1420.6373,1420.6373,0,0
20170815,SR-KOMBA,Fonds,1414.4909,1414.4909,1414.4909,1414.4909,0,0
20170814,SR-KOMBA,Fonds,1417.58,1417.58,1417.58,1417.58,0,0
20170811,SR-KOMBA,Fonds,1409.3179,1409.3179,1409.3179,1409.3179,0,0
20170810,SR-KOMBA,Fonds,1413.0091,1413.0091,1413.0091,1413.0091,0,0
20170809,SR-KOMBA,Fonds,1418.256,1418.256,1418.256,1418.256,0,0
20170808,SR-KOMBA,Fonds,1421.1084,1421.1084,1421.1084,1421.1084,0,0
20170807,SR-KOMBA,Fonds,1423.1518,1423.1518,1423.1518,1423.1518,0,0
20170804,SR-KOMBA,Fonds,1421.9562,1421.9562,1421.9562,1421.9562,0,0
20170803,SR-KOMBA,Fonds,1415.026,1415.026,1415.026,1415.026,0,0
20170802,SR-KOMBA,Fonds,1415.0959,1415.0959,1415.0959,1415.0959,0,0
20170801,SR-KOMBA,Fonds,1415.6605,1415.6605,1415.6605,1415.6605,0,0
20170731,SR-KOMBA,Fonds,1410.5349,1410.5349,1410.5349,1410.5349,0,0
20170728,SR-KOMBA,Fonds,1409.6421,1409.6421,1409.6421,1409.6421,0,0
20170727,SR-KOMBA,Fonds,1410.5772,1410.5772,1410.5772,1410.5772,0,0
20170726,SR-KOMBA,Fonds,1414.0083,1414.0083,1414.0083,1414.0083,0,0
20170725,SR-KOMBA,Fonds,1411.0261,1411.0261,1411.0261,1411.0261,0,0
20170724,SR-KOMBA,Fonds,1407.2961,1407.2961,1407.2961,1407.2961,0,0
20170721,SR-KOMBA,Fonds,1409.3859,1409.3859,1409.3859,1409.3859,0,0
20170720,SR-KOMBA,Fonds,1414.2232,1414.2232,1414.2232,1414.2232,0,0
20170719,SR-KOMBA,Fonds,1415.5853,1415.5853,1415.5853,1415.5853,0,0
20170718,SR-KOMBA,Fonds,1411.529,1411.529,1411.529,1411.529,0,0
20170717,SR-KOMBA,Fonds,1420.1502,1420.1502,1420.1502,1420.1502,0,0
20170714,SR-KOMBA,Fonds,1417.4405,1417.4405,1417.4405,1417.4405,0,0
20170713,SR-KOMBA,Fonds,1415.7405,1415.7405,1415.7405,1415.7405,0,0
20170712,SR-KOMBA,Fonds,1413.3489,1413.3489,1413.3489,1413.3489,0,0
20170711,SR-KOMBA,Fonds,1404.152,1404.152,1404.152,1404.152,0,0
20170710,SR-KOMBA,Fonds,1407.138,1407.138,1407.138,1407.138,0,0
20170707,SR-KOMBA,Fonds,1403.2658,1403.2658,1403.2658,1403.2658,0,0
20170706,SR-KOMBA,Fonds,1407.482,1407.482,1407.482,1407.482,0,0
20170705,SR-KOMBA,Fonds,1409.1807,1409.1807,1409.1807,1409.1807,0,0
20170704,SR-KOMBA,Fonds,1410.2611,1410.2611,1410.2611,1410.2611,0,0
20170703,SR-KOMBA,Fonds,1413.6733,1413.6733,1413.6733,1413.6733,0,0
20170630,SR-KOMBA,Fonds,1409.3102,1409.3102,1409.3102,1409.3102,0,0
20170629,SR-KOMBA,Fonds,1406.711,1406.711,1406.711,1406.711,0,0
20170628,SR-KOMBA,Fonds,1409.9648,1409.9648,1409.9648,1409.9648,0,0
20170627,SR-KOMBA,Fonds,1406.3745,1406.3745,1406.3745,1406.3745,0,0
20170626,SR-KOMBA,Fonds,1407.7058,1407.7058,1407.7058,1407.7058,0,0
20170623,SR-KOMBA,Fonds,1406.852,1406.852,1406.852,1406.852,0,0
20170622,SR-KOMBA,Fonds,1409.4195,1409.4195,1409.4195,1409.4195,0,0
20170621,SR-KOMBA,Fonds,1408.8235,1408.8235,1408.8235,1408.8235,0,0
20170620,SR-KOMBA,Fonds,1412.1624,1412.1624,1412.1624,1412.1624,0,0
20170619,SR-KOMBA,Fonds,1412.601,1412.601,1412.601,1412.601,0,0
20170616,SR-KOMBA,Fonds,1408.3297,1408.3297,1408.3297,1408.3297,0,0
20170615,SR-KOMBA,Fonds,1404.7061,1404.7061,1404.7061,1404.7061,0,0
20170614,SR-KOMBA,Fonds,1412.2313,1412.2313,1412.2313,1412.2313,0,0
20170613,SR-KOMBA,Fonds,1409.5679,1409.5679,1409.5679,1409.5679,0,0
20170612,SR-KOMBA,Fonds,1411.6532,1411.6532,1411.6532,1411.6532,0,0
20170609,SR-KOMBA,Fonds,1412.5925,1412.5925,1412.5925,1412.5925,0,0
20170608,SR-KOMBA,Fonds,1410.556,1410.556,1410.556,1410.556,0,0
20170607,SR-KOMBA,Fonds,1410.894,1410.894,1410.894,1410.894,0,0
20170606,SR-KOMBA,Fonds,1410.8724,1410.8724,1410.8724,1410.8724,0,0
20170602,SR-KOMBA,Fonds,1413.1121,1413.1121,1413.1121,1413.1121,0,0
20170601,SR-KOMBA,Fonds,1410.8817,1410.8817,1410.8817,1410.8817,0,0
20170531,SR-KOMBA,Fonds,1405.8721,1405.8721,1405.8721,1405.8721,0,0
20170530,SR-KOMBA,Fonds,1406.9071,1406.9071,1406.9071,1406.9071,0,0
20170529,SR-KOMBA,Fonds,1404.4423,1404.4423,1404.4423,1404.4423,0,0
20170526,SR-KOMBA,Fonds,1406.6351,1406.6351,1406.6351,1406.6351,0,0
20170524,SR-KOMBA,Fonds,1407.5774,1407.5774,1407.5774,1407.5774,0,0
20170523,SR-KOMBA,Fonds,1404.4073,1404.4073,1404.4073,1404.4073,0,0
20170522,SR-KOMBA,Fonds,1403.9786,1403.9786,1403.9786,1403.9786,0,0
20170519,SR-KOMBA,Fonds,1405.7064,1405.7064,1405.7064,1405.7064,0,0
20170518,SR-KOMBA,Fonds,1396.0643,1396.0643,1396.0643,1396.0643,0,0
20170516,SR-KOMBA,Fonds,1417.1393,1417.1393,1417.1393,1417.1393,0,0
20170515,SR-KOMBA,Fonds,1410.5224,1410.5224,1410.5224,1410.5224,0,0
20170512,SR-KOMBA,Fonds,1403.7609,1403.7609,1403.7609,1403.7609,0,0
20170511,SR-KOMBA,Fonds,1401.2725,1401.2725,1401.2725,1401.2725,0,0
20170510,SR-KOMBA,Fonds,1406.9212,1406.9212,1406.9212,1406.9212,0,0
20170509,SR-KOMBA,Fonds,1406.7894,1406.7894,1406.7894,1406.7894,0,0
20170508,SR-KOMBA,Fonds,1401.5495,1401.5495,1401.5495,1401.5495,0,0
20170505,SR-KOMBA,Fonds,1401.6745,1401.6745,1401.6745,1401.6745,0,0
20170504,SR-KOMBA,Fonds,1390.6475,1390.6475,1390.6475,1390.6475,0,0
20170503,SR-KOMBA,Fonds,1387.4411,1387.4411,1387.4411,1387.4411,0,0
20170502,SR-KOMBA,Fonds,1390.6459,1390.6459,1390.6459,1390.6459,0,0
20170428,SR-KOMBA,Fonds,1380.4397,1380.4397,1380.4397,1380.4397,0,0
20170427,SR-KOMBA,Fonds,1386.4206,1386.4206,1386.4206,1386.4206,0,0
20170426,SR-KOMBA,Fonds,1388.9368,1388.9368,1388.9368,1388.9368,0,0
20170425,SR-KOMBA,Fonds,1385.9657,1385.9657,1385.9657,1385.9657,0,0
20170424,SR-KOMBA,Fonds,1376.0259,1376.0259,1376.0259,1376.0259,0,0
20170421,SR-KOMBA,Fonds,1360.0292,1360.0292,1360.0292,1360.0292,0,0
20170420,SR-KOMBA,Fonds,1359.7068,1359.7068,1359.7068,1359.7068,0,0
20170419,SR-KOMBA,Fonds,1354.9459,1354.9459,1354.9459,1354.9459,0,0
20170418,SR-KOMBA,Fonds,1356.7521,1356.7521,1356.7521,1356.7521,0,0
20170412,SR-KOMBA,Fonds,1362.7051,1362.7051,1362.7051,1362.7051,0,0
20170411,SR-KOMBA,Fonds,1362.876,1362.876,1362.876,1362.876,0,0
20170410,SR-KOMBA,Fonds,1363.4905,1363.4905,1363.4905,1363.4905,0,0
20170407,SR-KOMBA,Fonds,1362.7866,1362.7866,1362.7866,1362.7866,0,0
20170406,SR-KOMBA,Fonds,1361.9116,1361.9116,1361.9116,1361.9116,0,0
20170405,SR-KOMBA,Fonds,1360.1208,1360.1208,1360.1208,1360.1208,0,0
20170404,SR-KOMBA,Fonds,1354.4782,1354.4782,1354.4782,1354.4782,0,0
20170403,SR-KOMBA,Fonds,1354.4714,1354.4714,1354.4714,1354.4714,0,0
20170331,SR-KOMBA,Fonds,1354.2981,1354.2981,1354.2981,1354.2981,0,0
20170330,SR-KOMBA,Fonds,1355.86,1355.86,1355.86,1355.86,0,0
20170329,SR-KOMBA,Fonds,1354.768,1354.768,1354.768,1354.768,0,0
20170328,SR-KOMBA,Fonds,1353.5614,1353.5614,1353.5614,1353.5614,0,0
20170327,SR-KOMBA,Fonds,1345.1188,1345.1188,1345.1188,1345.1188,0,0
20170324,SR-KOMBA,Fonds,1354.3949,1354.3949,1354.3949,1354.3949,0,0
20170323,SR-KOMBA,Fonds,1356.8877,1356.8877,1356.8877,1356.8877,0,0
20170322,SR-KOMBA,Fonds,1353.22,1353.22,1353.22,1353.22,0,0
20170321,SR-KOMBA,Fonds,1357.9041,1357.9041,1357.9041,1357.9041,0,0
20170320,SR-KOMBA,Fonds,1360.108,1360.108,1360.108,1360.108,0,0
20170317,SR-KOMBA,Fonds,1361.1625,1361.1625,1361.1625,1361.1625,0,0
20170316,SR-KOMBA,Fonds,1358.1363,1358.1363,1358.1363,1358.1363,0,0
20170315,SR-KOMBA,Fonds,1356.5825,1356.5825,1356.5825,1356.5825,0,0
20170314,SR-KOMBA,Fonds,1352.4874,1352.4874,1352.4874,1352.4874,0,0
20170313,SR-KOMBA,Fonds,1356.6532,1356.6532,1356.6532,1356.6532,0,0
20170310,SR-KOMBA,Fonds,1350.5972,1350.5972,1350.5972,1350.5972,0,0
20170309,SR-KOMBA,Fonds,1346.2477,1346.2477,1346.2477,1346.2477,0,0
20170308,SR-KOMBA,Fonds,1344.7107,1344.7107,1344.7107,1344.7107,0,0
20170307,SR-KOMBA,Fonds,1348.4575,1348.4575,1348.4575,1348.4575,0,0
20170306,SR-KOMBA,Fonds,1347.7957,1347.7957,1347.7957,1347.7957,0,0
20170303,SR-KOMBA,Fonds,1348.238,1348.238,1348.238,1348.238,0,0
20170302,SR-KOMBA,Fonds,1351.246,1351.246,1351.246,1351.246,0,0
20170301,SR-KOMBA,Fonds,1350.3046,1350.3046,1350.3046,1350.3046,0,0
20170228,SR-KOMBA,Fonds,1339.7383,1339.7383,1339.7383,1339.7383,0,0
20170227,SR-KOMBA,Fonds,1337.4857,1337.4857,1337.4857,1337.4857,0,0
20170224,SR-KOMBA,Fonds,1335.8496,1335.8496,1335.8496,1335.8496,0,0
20170223,SR-KOMBA,Fonds,1343.0584,1343.0584,1343.0584,1343.0584,0,0
20170222,SR-KOMBA,Fonds,1341.8608,1341.8608,1341.8608,1341.8608,0,0
20170221,SR-KOMBA,Fonds,1345.0609,1345.0609,1345.0609,1345.0609,0,0
20170220,SR-KOMBA,Fonds,1341.5006,1341.5006,1341.5006,1341.5006,0,0
20170217,SR-KOMBA,Fonds,1337.2616,1337.2616,1337.2616,1337.2616,0,0
20170216,SR-KOMBA,Fonds,1342.3015,1342.3015,1342.3015,1342.3015,0,0
20170215,SR-KOMBA,Fonds,1345.1993,1345.1993,1345.1993,1345.1993,0,0
20170214,SR-KOMBA,Fonds,1345.6177,1345.6177,1345.6177,1345.6177,0,0
20170213,SR-KOMBA,Fonds,1346.2228,1346.2228,1346.2228,1346.2228,0,0
20170210,SR-KOMBA,Fonds,1336.3232,1336.3232,1336.3232,1336.3232,0,0
20170209,SR-KOMBA,Fonds,1335.0577,1335.0577,1335.0577,1335.0577,0,0
20170208,SR-KOMBA,Fonds,1331.8149,1331.8149,1331.8149,1331.8149,0,0
20170207,SR-KOMBA,Fonds,1332.7241,1332.7241,1332.7241,1332.7241,0,0
20170206,SR-KOMBA,Fonds,1328.367,1328.367,1328.367,1328.367,0,0
20170203,SR-KOMBA,Fonds,1328.659,1328.659,1328.659,1328.659,0,0
20170202,SR-KOMBA,Fonds,1331.2767,1331.2767,1331.2767,1331.2767,0,0
20170201,SR-KOMBA,Fonds,1333.5423,1333.5423,1333.5423,1333.5423,0,0
20170131,SR-KOMBA,Fonds,1326.7628,1326.7628,1326.7628,1326.7628,0,0
20170130,SR-KOMBA,Fonds,1331.5835,1331.5835,1331.5835,1331.5835,0,0
20170127,SR-KOMBA,Fonds,1340.3618,1340.3618,1340.3618,1340.3618,0,0
20170126,SR-KOMBA,Fonds,1344.0568,1344.0568,1344.0568,1344.0568,0,0
20170125,SR-KOMBA,Fonds,1343.2685,1343.2685,1343.2685,1343.2685,0,0
20170124,SR-KOMBA,Fonds,1336.3958,1336.3958,1336.3958,1336.3958,0,0
20170123,SR-KOMBA,Fonds,1331.5711,1331.5711,1331.5711,1331.5711,0,0
20170120,SR-KOMBA,Fonds,1333.9189,1333.9189,1333.9189,1333.9189,0,0
20170119,SR-KOMBA,Fonds,1330.6715,1330.6715,1330.6715,1330.6715,0,0
20170118,SR-KOMBA,Fonds,1328.0483,1328.0483,1328.0483,1328.0483,0,0
20170117,SR-KOMBA,Fonds,1325.755,1325.755,1325.755,1325.755,0,0
20170116,SR-KOMBA,Fonds,1328.3816,1328.3816,1328.3816,1328.3816,0,0
20170113,SR-KOMBA,Fonds,1333.1838,1333.1838,1333.1838,1333.1838,0,0
20170112,SR-KOMBA,Fonds,1327.1084,1327.1084,1327.1084,1327.1084,0,0
20170111,SR-KOMBA,Fonds,1328.032,1328.032,1328.032,1328.032,0,0
20170110,SR-KOMBA,Fonds,1322.7693,1322.7693,1322.7693,1322.7693,0,0
20170109,SR-KOMBA,Fonds,1322.2153,1322.2153,1322.2153,1322.2153,0,0
20170106,SR-KOMBA,Fonds,1324.8458,1324.8458,1324.8458,1324.8458,0,0
20170105,SR-KOMBA,Fonds,1324.8871,1324.8871,1324.8871,1324.8871,0,0
20170104,SR-KOMBA,Fonds,1322.7718,1322.7718,1322.7718,1322.7718,0,0
20170103,SR-KOMBA,Fonds,1328.5693,1328.5693,1328.5693,1328.5693,0,0
20170102,SR-KOMBA,Fonds,1325.83,1325.83,1325.83,1325.83,0,0
20161230,SR-KOMBA,Fonds,1317.4443,1317.4443,1317.4443,1317.4443,0,0
20161229,SR-KOMBA,Fonds,1319.0938,1319.0938,1319.0938,1319.0938,0,0
20161228,SR-KOMBA,Fonds,1318.5351,1318.5351,1318.5351,1318.5351,0,0
20161227,SR-KOMBA,Fonds,1317.3445,1317.3445,1317.3445,1317.3445,0,0
20161223,SR-KOMBA,Fonds,1311.1375,1311.1375,1311.1375,1311.1375,0,0
20161222,SR-KOMBA,Fonds,1305.434,1305.434,1305.434,1305.434,0,0
20161221,SR-KOMBA,Fonds,1303.4341,1303.4341,1303.4341,1303.4341,0,0
20161220,SR-KOMBA,Fonds,1303.9733,1303.9733,1303.9733,1303.9733,0,0
20161219,SR-KOMBA,Fonds,1305.2277,1305.2277,1305.2277,1305.2277,0,0
20161216,SR-KOMBA,Fonds,1301.7914,1301.7914,1301.7914,1301.7914,0,0
20161215,SR-KOMBA,Fonds,1298.1294,1298.1294,1298.1294,1298.1294,0,0
20161214,SR-KOMBA,Fonds,1295.075,1295.075,1295.075,1295.075,0,0
20161213,SR-KOMBA,Fonds,1298.0288,1298.0288,1298.0288,1298.0288,0,0
20161212,SR-KOMBA,Fonds,1294.0813,1294.0813,1294.0813,1294.0813,0,0
20161209,SR-KOMBA,Fonds,1292.9095,1292.9095,1292.9095,1292.9095,0,0
20161208,SR-KOMBA,Fonds,1288.0144,1288.0144,1288.0144,1288.0144,0,0
20161207,SR-KOMBA,Fonds,1281.9828,1281.9828,1281.9828,1281.9828,0,0
20161206,SR-KOMBA,Fonds,1275.0598,1275.0598,1275.0598,1275.0598,0,0
20161205,SR-KOMBA,Fonds,1271.1685,1271.1685,1271.1685,1271.1685,0,0
20161202,SR-KOMBA,Fonds,1261.455,1261.455,1261.455,1261.455,0,0
20161201,SR-KOMBA,Fonds,1267.9353,1267.9353,1267.9353,1267.9353,0,0
20161130,SR-KOMBA,Fonds,1270.9912,1270.9912,1270.9912,1270.9912,0,0
20161129,SR-KOMBA,Fonds,1264.2217,1264.2217,1264.2217,1264.2217,0,0
20161128,SR-KOMBA,Fonds,1266.0031,1266.0031,1266.0031,1266.0031,0,0
20161125,SR-KOMBA,Fonds,1269.9229,1269.9229,1269.9229,1269.9229,0,0
20161124,SR-KOMBA,Fonds,1270.2191,1270.2191,1270.2191,1270.2191,0,0
20161123,SR-KOMBA,Fonds,1265.7741,1265.7741,1265.7741,1265.7741,0,0
20161122,SR-KOMBA,Fonds,1266.8697,1266.8697,1266.8697,1266.8697,0,0
20161121,SR-KOMBA,Fonds,1263.8496,1263.8496,1263.8496,1263.8496,0,0
20161118,SR-KOMBA,Fonds,1262.4326,1262.4326,1262.4326,1262.4326,0,0
20161117,SR-KOMBA,Fonds,1257.7257,1257.7257,1257.7257,1257.7257,0,0
20161116,SR-KOMBA,Fonds,1253.9959,1253.9959,1253.9959,1253.9959,0,0
20161115,SR-KOMBA,Fonds,1254.2931,1254.2931,1254.2931,1254.2931,0,0
20161114,SR-KOMBA,Fonds,1249.4675,1249.4675,1249.4675,1249.4675,0,0
20161111,SR-KOMBA,Fonds,1249.4929,1249.4929,1249.4929,1249.4929,0,0
20161110,SR-KOMBA,Fonds,1253.2802,1253.2802,1253.2802,1253.2802,0,0
20161109,SR-KOMBA,Fonds,1252.1568,1252.1568,1252.1568,1252.1568,0,0
20161108,SR-KOMBA,Fonds,1247.3395,1247.3395,1247.3395,1247.3395,0,0
20161107,SR-KOMBA,Fonds,1245.3333,1245.3333,1245.3333,1245.3333,0,0
20161104,SR-KOMBA,Fonds,1237.4731,1237.4731,1237.4731,1237.4731,0,0
20161103,SR-KOMBA,Fonds,1244.0076,1244.0076,1244.0076,1244.0076,0,0
20161102,SR-KOMBA,Fonds,1242.3862,1242.3862,1242.3862,1242.3862,0,0
20161101,SR-KOMBA,Fonds,1252.7844,1252.7844,1252.7844,1252.7844,0,0
20161031,SR-KOMBA,Fonds,1255.4417,1255.4417,1255.4417,1255.4417,0,0
20161028,SR-KOMBA,Fonds,1256.7952,1256.7952,1256.7952,1256.7952,0,0
20161027,SR-KOMBA,Fonds,1255.3734,1255.3734,1255.3734,1255.3734,0,0
20161026,SR-KOMBA,Fonds,1252.548,1252.548,1252.548,1252.548,0,0
20161025,SR-KOMBA,Fonds,1255.3022,1255.3022,1255.3022,1255.3022,0,0
20161024,SR-KOMBA,Fonds,1250.711,1250.711,1250.711,1250.711,0,0
20161021,SR-KOMBA,Fonds,1249.5882,1249.5882,1249.5882,1249.5882,0,0
20161020,SR-KOMBA,Fonds,1243.8213,1243.8213,1243.8213,1243.8213,0,0
20161019,SR-KOMBA,Fonds,1241.4291,1241.4291,1241.4291,1241.4291,0,0
20161018,SR-KOMBA,Fonds,1239.8797,1239.8797,1239.8797,1239.8797,0,0
20161017,SR-KOMBA,Fonds,1236.2438,1236.2438,1236.2438,1236.2438,0,0
20161014,SR-KOMBA,Fonds,1240.7719,1240.7719,1240.7719,1240.7719,0,0
20161013,SR-KOMBA,Fonds,1232.5688,1232.5688,1232.5688,1232.5688,0,0
20161012,SR-KOMBA,Fonds,1238.4232,1238.4232,1238.4232,1238.4232,0,0
20161011,SR-KOMBA,Fonds,1241.8951,1241.8951,1241.8951,1241.8951,0,0
20161010,SR-KOMBA,Fonds,1243.4896,1243.4896,1243.4896,1243.4896,0,0
20161007,SR-KOMBA,Fonds,1237.5756,1237.5756,1237.5756,1237.5756,0,0
20161006,SR-KOMBA,Fonds,1239.3056,1239.3056,1239.3056,1239.3056,0,0
20161005,SR-KOMBA,Fonds,1236.7706,1236.7706,1236.7706,1236.7706,0,0
20161004,SR-KOMBA,Fonds,1236.9068,1236.9068,1236.9068,1236.9068,0,0
20161003,SR-KOMBA,Fonds,1228.9332,1228.9332,1228.9332,1228.9332,0,0
20160930,SR-KOMBA,Fonds,1227.9675,1227.9675,1227.9675,1227.9675,0,0
20160929,SR-KOMBA,Fonds,1228.6553,1228.6553,1228.6553,1228.6553,0,0
20160928,SR-KOMBA,Fonds,1225.3935,1225.3935,1225.3935,1225.3935,0,0
20160927,SR-KOMBA,Fonds,1221.6677,1221.6677,1221.6677,1221.6677,0,0
20160926,SR-KOMBA,Fonds,1225.3652,1225.3652,1225.3652,1225.3652,0,0
20160923,SR-KOMBA,Fonds,1234.1215,1234.1215,1234.1215,1234.1215,0,0
20160922,SR-KOMBA,Fonds,1237.1115,1237.1115,1237.1115,1237.1115,0,0
20160921,SR-KOMBA,Fonds,1231.6414,1231.6414,1231.6414,1231.6414,0,0
20160920,SR-KOMBA,Fonds,1229.2037,1229.2037,1229.2037,1229.2037,0,0
20160919,SR-KOMBA,Fonds,1228.6343,1228.6343,1228.6343,1228.6343,0,0
20160916,SR-KOMBA,Fonds,1222.8121,1222.8121,1222.8121,1222.8121,0,0
20160915,SR-KOMBA,Fonds,1223.0105,1223.0105,1223.0105,1223.0105,0,0
20160914,SR-KOMBA,Fonds,1223.0031,1223.0031,1223.0031,1223.0031,0,0
20160913,SR-KOMBA,Fonds,1221.3231,1221.3231,1221.3231,1221.3231,0,0
20160912,SR-KOMBA,Fonds,1223.99,1223.99,1223.99,1223.99,0,0
20160909,SR-KOMBA,Fonds,1231.9193,1231.9193,1231.9193,1231.9193,0,0
20160908,SR-KOMBA,Fonds,1238.3216,1238.3216,1238.3216,1238.3216,0,0
20160907,SR-KOMBA,Fonds,1238.6729,1238.6729,1238.6729,1238.6729,0,0
20160906,SR-KOMBA,Fonds,1234.1382,1234.1382,1234.1382,1234.1382,0,0
20160905,SR-KOMBA,Fonds,1235.5431,1235.5431,1235.5431,1235.5431,0,0
20160902,SR-KOMBA,Fonds,1232.5548,1232.5548,1232.5548,1232.5548,0,0
20160901,SR-KOMBA,Fonds,1228.5773,1228.5773,1228.5773,1228.5773,0,0
20160831,SR-KOMBA,Fonds,1226.386,1226.386,1226.386,1226.386,0,0
20160830,SR-KOMBA,Fonds,1226.6908,1226.6908,1226.6908,1226.6908,0,0
20160829,SR-KOMBA,Fonds,1222.0274,1222.0274,1222.0274,1222.0274,0,0
20160826,SR-KOMBA,Fonds,1221.7183,1221.7183,1221.7183,1221.7183,0,0
20160825,SR-KOMBA,Fonds,1219.8255,1219.8255,1219.8255,1219.8255,0,0
20160824,SR-KOMBA,Fonds,1220.7637,1220.7637,1220.7637,1220.7637,0,0
20160823,SR-KOMBA,Fonds,1219.8881,1219.8881,1219.8881,1219.8881,0,0
20160822,SR-KOMBA,Fonds,1213.4936,1213.4936,1213.4936,1213.4936,0,0
20160819,SR-KOMBA,Fonds,1211.3616,1211.3616,1211.3616,1211.3616,0,0
20160818,SR-KOMBA,Fonds,1210.9627,1210.9627,1210.9627,1210.9627,0,0
20160817,SR-KOMBA,Fonds,1208.2953,1208.2953,1208.2953,1208.2953,0,0
20160816,SR-KOMBA,Fonds,1215.251,1215.251,1215.251,1215.251,0,0
20160815,SR-KOMBA,Fonds,1219.6356,1219.6356,1219.6356,1219.6356,0,0
20160812,SR-KOMBA,Fonds,1220.3954,1220.3954,1220.3954,1220.3954,0,0
20160811,SR-KOMBA,Fonds,1222.3462,1222.3462,1222.3462,1222.3462,0,0
20160810,SR-KOMBA,Fonds,1219.7436,1219.7436,1219.7436,1219.7436,0,0
20160809,SR-KOMBA,Fonds,1222.827,1222.827,1222.827,1222.827,0,0
20160808,SR-KOMBA,Fonds,1219.1088,1219.1088,1219.1088,1219.1088,0,0
20160805,SR-KOMBA,Fonds,1218.6967,1218.6967,1218.6967,1218.6967,0,0
20160804,SR-KOMBA,Fonds,1211.8893,1211.8893,1211.8893,1211.8893,0,0
20160803,SR-KOMBA,Fonds,1206.9423,1206.9423,1206.9423,1206.9423,0,0
20160802,SR-KOMBA,Fonds,1210.2297,1210.2297,1210.2297,1210.2297,0,0
20160801,SR-KOMBA,Fonds,1218.203,1218.203,1218.203,1218.203,0,0
20160729,SR-KOMBA,Fonds,1220.0306,1220.0306,1220.0306,1220.0306,0,0
20160728,SR-KOMBA,Fonds,1220.2648,1220.2648,1220.2648,1220.2648,0,0
20160727,SR-KOMBA,Fonds,1223.8685,1223.8685,1223.8685,1223.8685,0,0
20160726,SR-KOMBA,Fonds,1219.6325,1219.6325,1219.6325,1219.6325,0,0
20160725,SR-KOMBA,Fonds,1218.5097,1218.5097,1218.5097,1218.5097,0,0
20160722,SR-KOMBA,Fonds,1218.1943,1218.1943,1218.1943,1218.1943,0,0
20160721,SR-KOMBA,Fonds,1219.2439,1219.2439,1219.2439,1219.2439,0,0
20160720,SR-KOMBA,Fonds,1216.4819,1216.4819,1216.4819,1216.4819,0,0
20160719,SR-KOMBA,Fonds,1211.4871,1211.4871,1211.4871,1211.4871,0,0
20160718,SR-KOMBA,Fonds,1210.3331,1210.3331,1210.3331,1210.3331,0,0
20160715,SR-KOMBA,Fonds,1211.688,1211.688,1211.688,1211.688,0,0
20160714,SR-KOMBA,Fonds,1211.0016,1211.0016,1211.0016,1211.0016,0,0
20160713,SR-KOMBA,Fonds,1210.7445,1210.7445,1210.7445,1210.7445,0,0
20160712,SR-KOMBA,Fonds,1207.8814,1207.8814,1207.8814,1207.8814,0,0
20160711,SR-KOMBA,Fonds,1206.5364,1206.5364,1206.5364,1206.5364,0,0
20160708,SR-KOMBA,Fonds,1197.0914,1197.0914,1197.0914,1197.0914,0,0
20160707,SR-KOMBA,Fonds,1189.1156,1189.1156,1189.1156,1189.1156,0,0
20160706,SR-KOMBA,Fonds,1177.3465,1177.3465,1177.3465,1177.3465,0,0
20160705,SR-KOMBA,Fonds,1180.2254,1180.2254,1180.2254,1180.2254,0,0
20160704,SR-KOMBA,Fonds,1190.4047,1190.4047,1190.4047,1190.4047,0,0
20160701,SR-KOMBA,Fonds,1198.2856,1198.2856,1198.2856,1198.2856,0,0
20160630,SR-KOMBA,Fonds,1189.4813,1189.4813,1189.4813,1189.4813,0,0
20160629,SR-KOMBA,Fonds,1187.3336,1187.3336,1187.3336,1187.3336,0,0
20160628,SR-KOMBA,Fonds,1177.3943,1177.3943,1177.3943,1177.3943,0,0
20160627,SR-KOMBA,Fonds,1163.021,1163.021,1163.021,1163.021,0,0
20160623,SR-KOMBA,Fonds,1207.4754,1207.4754,1207.4754,1207.4754,0,0
20160622,SR-KOMBA,Fonds,1205.0262,1205.0262,1205.0262,1205.0262,0,0
20160621,SR-KOMBA,Fonds,1201.5981,1201.5981,1201.5981,1201.5981,0,0
20160620,SR-KOMBA,Fonds,1200.2364,1200.2364,1200.2364,1200.2364,0,0
20160617,SR-KOMBA,Fonds,1186.9859,1186.9859,1186.9859,1186.9859,0,0
20160616,SR-KOMBA,Fonds,1179.0508,1179.0508,1179.0508,1179.0508,0,0
20160615,SR-KOMBA,Fonds,1186.5657,1186.5657,1186.5657,1186.5657,0,0
20160614,SR-KOMBA,Fonds,1186.5576,1186.5576,1186.5576,1186.5576,0,0
20160613,SR-KOMBA,Fonds,1195.0177,1195.0177,1195.0177,1195.0177,0,0
20160610,SR-KOMBA,Fonds,1205.5308,1205.5308,1205.5308,1205.5308,0,0
20160609,SR-KOMBA,Fonds,1216.1938,1216.1938,1216.1938,1216.1938,0,0
20160608,SR-KOMBA,Fonds,1222.9211,1222.9211,1222.9211,1222.9211,0,0
20160607,SR-KOMBA,Fonds,1224.8198,1224.8198,1224.8198,1224.8198,0,0
20160606,SR-KOMBA,Fonds,1219.4233,1219.4233,1219.4233,1219.4233,0,0
20160603,SR-KOMBA,Fonds,1216.6603,1216.6603,1216.6603,1216.6603,0,0
20160602,SR-KOMBA,Fonds,1221.5164,1221.5164,1221.5164,1221.5164,0,0
20160601,SR-KOMBA,Fonds,1221.3067,1221.3067,1221.3067,1221.3067,0,0
20160531,SR-KOMBA,Fonds,1226.7312,1226.7312,1226.7312,1226.7312,0,0
20160530,SR-KOMBA,Fonds,1225.3558,1225.3558,1225.3558,1225.3558,0,0
20160527,SR-KOMBA,Fonds,1223.9007,1223.9007,1223.9007,1223.9007,0,0
20160526,SR-KOMBA,Fonds,1224.3649,1224.3649,1224.3649,1224.3649,0,0
20160525,SR-KOMBA,Fonds,1220.1622,1220.1622,1220.1622,1220.1622,0,0
20160524,SR-KOMBA,Fonds,1212.5259,1212.5259,1212.5259,1212.5259,0,0
20160523,SR-KOMBA,Fonds,1204.3577,1204.3577,1204.3577,1204.3577,0,0
20160520,SR-KOMBA,Fonds,1202.8236,1202.8236,1202.8236,1202.8236,0,0
20160519,SR-KOMBA,Fonds,1193.4802,1193.4802,1193.4802,1193.4802,0,0
20160518,SR-KOMBA,Fonds,1198.6806,1198.6806,1198.6806,1198.6806,0,0
20160513,SR-KOMBA,Fonds,1195.1491,1195.1491,1195.1491,1195.1491,0,0
20160512,SR-KOMBA,Fonds,1193.3704,1193.3704,1193.3704,1193.3704,0,0
20160511,SR-KOMBA,Fonds,1196.0103,1196.0103,1196.0103,1196.0103,0,0
20160510,SR-KOMBA,Fonds,1195.4466,1195.4466,1195.4466,1195.4466,0,0
20160509,SR-KOMBA,Fonds,1193.9821,1193.9821,1193.9821,1193.9821,0,0
20160506,SR-KOMBA,Fonds,1191.0253,1191.0253,1191.0253,1191.0253,0,0
20160504,SR-KOMBA,Fonds,1191.8262,1191.8262,1191.8262,1191.8262,0,0
20160503,SR-KOMBA,Fonds,1190.819,1190.819,1190.819,1190.819,0,0
20160502,SR-KOMBA,Fonds,1196.3633,1196.3633,1196.3633,1196.3633,0,0
20160429,SR-KOMBA,Fonds,1198.9143,1198.9143,1198.9143,1198.9143,0,0
20160428,SR-KOMBA,Fonds,1207.0466,1207.0466,1207.0466,1207.0466,0,0
20160427,SR-KOMBA,Fonds,1202.3766,1202.3766,1202.3766,1202.3766,0,0
20160426,SR-KOMBA,Fonds,1197.9937,1197.9937,1197.9937,1197.9937,0,0
20160425,SR-KOMBA,Fonds,1196.3646,1196.3646,1196.3646,1196.3646,0,0
20160422,SR-KOMBA,Fonds,1197.8396,1197.8396,1197.8396,1197.8396,0,0
20160421,SR-KOMBA,Fonds,1201.2387,1201.2387,1201.2387,1201.2387,0,0
20160420,SR-KOMBA,Fonds,1201.5778,1201.5778,1201.5778,1201.5778,0,0
20160419,SR-KOMBA,Fonds,1199.9903,1199.9903,1199.9903,1199.9903,0,0
20160418,SR-KOMBA,Fonds,1197.2179,1197.2179,1197.2179,1197.2179,0,0
20160415,SR-KOMBA,Fonds,1196.1442,1196.1442,1196.1442,1196.1442,0,0
20160414,SR-KOMBA,Fonds,1198.0172,1198.0172,1198.0172,1198.0172,0,0
20160413,SR-KOMBA,Fonds,1195.1497,1195.1497,1195.1497,1195.1497,0,0
20160412,SR-KOMBA,Fonds,1182.2732,1182.2732,1182.2732,1182.2732,0,0
20160411,SR-KOMBA,Fonds,1180.9935,1180.9935,1180.9935,1180.9935,0,0
20160408,SR-KOMBA,Fonds,1178.9211,1178.9211,1178.9211,1178.9211,0,0
20160407,SR-KOMBA,Fonds,1173.2877,1173.2877,1173.2877,1173.2877,0,0
20160406,SR-KOMBA,Fonds,1178.7051,1178.7051,1178.7051,1178.7051,0,0
20160405,SR-KOMBA,Fonds,1175.4711,1175.4711,1175.4711,1175.4711,0,0
20160404,SR-KOMBA,Fonds,1185.9587,1185.9587,1185.9587,1185.9587,0,0
20160401,SR-KOMBA,Fonds,1186.1441,1186.1441,1186.1441,1186.1441,0,0
20160331,SR-KOMBA,Fonds,1190.7015,1190.7015,1190.7015,1190.7015,0,0
20160330,SR-KOMBA,Fonds,1195.7346,1195.7346,1195.7346,1195.7346,0,0
20160329,SR-KOMBA,Fonds,1184.3799,1184.3799,1184.3799,1184.3799,0,0
20160323,SR-KOMBA,Fonds,1194.2582,1194.2582,1194.2582,1194.2582,0,0
20160322,SR-KOMBA,Fonds,1193.9625,1193.9625,1193.9625,1193.9625,0,0
20160321,SR-KOMBA,Fonds,1192.6144,1192.6144,1192.6144,1192.6144,0,0
20160318,SR-KOMBA,Fonds,1192.2118,1192.2118,1192.2118,1192.2118,0,0
20160317,SR-KOMBA,Fonds,1184.5469,1184.5469,1184.5469,1184.5469,0,0
20160316,SR-KOMBA,Fonds,1185.1904,1185.1904,1185.1904,1185.1904,0,0
20160315,SR-KOMBA,Fonds,1184.2951,1184.2951,1184.2951,1184.2951,0,0
20160314,SR-KOMBA,Fonds,1184.6205,1184.6205,1184.6205,1184.6205,0,0
20160311,SR-KOMBA,Fonds,1177.2573,1177.2573,1177.2573,1177.2573,0,0
20160310,SR-KOMBA,Fonds,1170.3688,1170.3688,1170.3688,1170.3688,0,0
20160309,SR-KOMBA,Fonds,1172.5967,1172.5967,1172.5967,1172.5967,0,0
20160308,SR-KOMBA,Fonds,1173.7047,1173.7047,1173.7047,1173.7047,0,0
20160307,SR-KOMBA,Fonds,1176.8445,1176.8445,1176.8445,1176.8445,0,0
20160304,SR-KOMBA,Fonds,1179.9247,1179.9247,1179.9247,1179.9247,0,0
20160303,SR-KOMBA,Fonds,1170.7923,1170.7923,1170.7923,1170.7923,0,0
20160302,SR-KOMBA,Fonds,1168.1028,1168.1028,1168.1028,1168.1028,0,0
20160301,SR-KOMBA,Fonds,1169.9114,1169.9114,1169.9114,1169.9114,0,0
20160229,SR-KOMBA,Fonds,1163.6573,1163.6573,1163.6573,1163.6573,0,0
20160226,SR-KOMBA,Fonds,1160.7172,1160.7172,1160.7172,1160.7172,0,0
20160225,SR-KOMBA,Fonds,1152.6446,1152.6446,1152.6446,1152.6446,0,0
20160224,SR-KOMBA,Fonds,1144.4255,1144.4255,1144.4255,1144.4255,0,0
20160223,SR-KOMBA,Fonds,1152.6538,1152.6538,1152.6538,1152.6538,0,0
20160222,SR-KOMBA,Fonds,1158.8681,1158.8681,1158.8681,1158.8681,0,0
20160219,SR-KOMBA,Fonds,1147.6185,1147.6185,1147.6185,1147.6185,0,0
20160218,SR-KOMBA,Fonds,1153.4843,1153.4843,1153.4843,1153.4843,0,0
20160217,SR-KOMBA,Fonds,1150.4921,1150.4921,1150.4921,1150.4921,0,0
20160216,SR-KOMBA,Fonds,1132.5674,1132.5674,1132.5674,1132.5674,0,0
20160215,SR-KOMBA,Fonds,1139.9747,1139.9747,1139.9747,1139.9747,0,0
20160212,SR-KOMBA,Fonds,1124.7993,1124.7993,1124.7993,1124.7993,0,0
20160211,SR-KOMBA,Fonds,1115.5268,1115.5268,1115.5268,1115.5268,0,0
20160210,SR-KOMBA,Fonds,1129.0344,1129.0344,1129.0344,1129.0344,0,0
20160209,SR-KOMBA,Fonds,1127.8114,1127.8114,1127.8114,1127.8114,0,0
20160208,SR-KOMBA,Fonds,1132.9831,1132.9831,1132.9831,1132.9831,0,0
20160205,SR-KOMBA,Fonds,1155.4714,1155.4714,1155.4714,1155.4714,0,0
20160204,SR-KOMBA,Fonds,1154.623,1154.623,1154.623,1154.623,0,0
20160203,SR-KOMBA,Fonds,1148.4007,1148.4007,1148.4007,1148.4007,0,0
20160202,SR-KOMBA,Fonds,1156.9305,1156.9305,1156.9305,1156.9305,0,0
20160201,SR-KOMBA,Fonds,1165.9213,1165.9213,1165.9213,1165.9213,0,0
20160129,SR-KOMBA,Fonds,1166.4655,1166.4655,1166.4655,1166.4655,0,0
20160128,SR-KOMBA,Fonds,1158.1662,1158.1662,1158.1662,1158.1662,0,0
20160127,SR-KOMBA,Fonds,1162.4359,1162.4359,1162.4359,1162.4359,0,0
20160126,SR-KOMBA,Fonds,1163.8246,1163.8246,1163.8246,1163.8246,0,0
20160125,SR-KOMBA,Fonds,1164.8856,1164.8856,1164.8856,1164.8856,0,0
20160122,SR-KOMBA,Fonds,1164.9504,1164.9504,1164.9504,1164.9504,0,0
20160121,SR-KOMBA,Fonds,1151.7763,1151.7763,1151.7763,1151.7763,0,0
20160120,SR-KOMBA,Fonds,1145.7873,1145.7873,1145.7873,1145.7873,0,0
20160119,SR-KOMBA,Fonds,1167.6908,1167.6908,1167.6908,1167.6908,0,0
20160118,SR-KOMBA,Fonds,1157.8983,1157.8983,1157.8983,1157.8983,0,0
20160115,SR-KOMBA,Fonds,1161.1788,1161.1788,1161.1788,1161.1788,0,0
20160114,SR-KOMBA,Fonds,1172.2143,1172.2143,1172.2143,1172.2143,0,0
20160113,SR-KOMBA,Fonds,1193.9633,1193.9633,1193.9633,1193.9633,0,0
20160112,SR-KOMBA,Fonds,1192.9955,1192.9955,1192.9955,1192.9955,0,0
20160111,SR-KOMBA,Fonds,1193.3985,1193.3985,1193.3985,1193.3985,0,0
20160108,SR-KOMBA,Fonds,1196.7025,1196.7025,1196.7025,1196.7025,0,0
20160107,SR-KOMBA,Fonds,1200.8099,1200.8099,1200.8099,1200.8099,0,0
20160106,SR-KOMBA,Fonds,1216.3684,1216.3684,1216.3684,1216.3684,0,0
20160105,SR-KOMBA,Fonds,1220.1834,1220.1834,1220.1834,1220.1834,0,0
20160104,SR-KOMBA,Fonds,1232.7439,1232.7439,1232.7439,1232.7439,0,0
20151230,SR-KOMBA,Fonds,1244.5253,1244.5253,1244.5253,1244.5253,0,0
20151229,SR-KOMBA,Fonds,1240.016,1240.016,1240.016,1240.016,0,0
20151228,SR-KOMBA,Fonds,1231.5077,1231.5077,1231.5077,1231.5077,0,0
20151223,SR-KOMBA,Fonds,1231.6345,1231.6345,1231.6345,1231.6345,0,0
20151222,SR-KOMBA,Fonds,1217.4224,1217.4224,1217.4224,1217.4224,0,0
20151221,SR-KOMBA,Fonds,1216.941,1216.941,1216.941,1216.941,0,0
20151218,SR-KOMBA,Fonds,1215.2266,1215.2266,1215.2266,1215.2266,0,0
20151217,SR-KOMBA,Fonds,1221.2698,1221.2698,1221.2698,1221.2698,0,0
20151216,SR-KOMBA,Fonds,1219.7488,1219.7488,1219.7488,1219.7488,0,0
20151215,SR-KOMBA,Fonds,1215.0946,1215.0946,1215.0946,1215.0946,0,0
20151214,SR-KOMBA,Fonds,1199.4559,1199.4559,1199.4559,1199.4559,0,0
20151211,SR-KOMBA,Fonds,1211.7288,1211.7288,1211.7288,1211.7288,0,0
20151210,SR-KOMBA,Fonds,1222.4835,1222.4835,1222.4835,1222.4835,0,0
20151209,SR-KOMBA,Fonds,1231.7967,1231.7967,1231.7967,1231.7967,0,0
20151208,SR-KOMBA,Fonds,1232.6312,1232.6312,1232.6312,1232.6312,0,0
20151207,SR-KOMBA,Fonds,1237.2324,1237.2324,1237.2324,1237.2324,0,0
20151204,SR-KOMBA,Fonds,1229.9521,1229.9521,1229.9521,1229.9521,0,0
20151203,SR-KOMBA,Fonds,1233.0315,1233.0315,1233.0315,1233.0315,0,0
20151202,SR-KOMBA,Fonds,1241.8008,1241.8008,1241.8008,1241.8008,0,0
20151201,SR-KOMBA,Fonds,1241.3049,1241.3049,1241.3049,1241.3049,0,0
20151130,SR-KOMBA,Fonds,1240.3257,1240.3257,1240.3257,1240.3257,0,0
20151127,SR-KOMBA,Fonds,1233.6944,1233.6944,1233.6944,1233.6944,0,0
20151126,SR-KOMBA,Fonds,1231.8822,1231.8822,1231.8822,1231.8822,0,0
20151125,SR-KOMBA,Fonds,1227.9443,1227.9443,1227.9443,1227.9443,0,0
20151124,SR-KOMBA,Fonds,1228.7015,1228.7015,1228.7015,1228.7015,0,0
20151123,SR-KOMBA,Fonds,1233.3692,1233.3692,1233.3692,1233.3692,0,0
20151120,SR-KOMBA,Fonds,1235.6978,1235.6978,1235.6978,1235.6978,0,0
20151119,SR-KOMBA,Fonds,1235.0964,1235.0964,1235.0964,1235.0964,0,0
20151118,SR-KOMBA,Fonds,1234.7292,1234.7292,1234.7292,1234.7292,0,0
20151117,SR-KOMBA,Fonds,1231.416,1231.416,1231.416,1231.416,0,0
20151116,SR-KOMBA,Fonds,1221.2199,1221.2199,1221.2199,1221.2199,0,0
20151113,SR-KOMBA,Fonds,1221.7117,1221.7117,1221.7117,1221.7117,0,0
20151112,SR-KOMBA,Fonds,1227.2918,1227.2918,1227.2918,1227.2918,0,0
20151111,SR-KOMBA,Fonds,1231.8717,1231.8717,1231.8717,1231.8717,0,0
20151110,SR-KOMBA,Fonds,1230.7219,1230.7219,1230.7219,1230.7219,0,0
20151109,SR-KOMBA,Fonds,1232.7435,1232.7435,1232.7435,1232.7435,0,0
20151106,SR-KOMBA,Fonds,1234.0774,1234.0774,1234.0774,1234.0774,0,0
20151105,SR-KOMBA,Fonds,1232.6669,1232.6669,1232.6669,1232.6669,0,0
20151104,SR-KOMBA,Fonds,1236.5925,1236.5925,1236.5925,1236.5925,0,0
20151103,SR-KOMBA,Fonds,1230.9968,1230.9968,1230.9968,1230.9968,0,0
20151102,SR-KOMBA,Fonds,1229.0157,1229.0157,1229.0157,1229.0157,0,0
20151030,SR-KOMBA,Fonds,1223.0212,1223.0212,1223.0212,1223.0212,0,0
20151029,SR-KOMBA,Fonds,1224.7909,1224.7909,1224.7909,1224.7909,0,0
20151028,SR-KOMBA,Fonds,1225.0403,1225.0403,1225.0403,1225.0403,0,0
20151027,SR-KOMBA,Fonds,1213.3353,1213.3353,1213.3353,1213.3353,0,0
20151026,SR-KOMBA,Fonds,1215.269,1215.269,1215.269,1215.269,0,0
20151023,SR-KOMBA,Fonds,1216.9447,1216.9447,1216.9447,1216.9447,0,0
20151022,SR-KOMBA,Fonds,1209.3902,1209.3902,1209.3902,1209.3902,0,0
20151021,SR-KOMBA,Fonds,1208.1754,1208.1754,1208.1754,1208.1754,0,0
20151020,SR-KOMBA,Fonds,1202.4904,1202.4904,1202.4904,1202.4904,0,0
20151019,SR-KOMBA,Fonds,1202.6603,1202.6603,1202.6603,1202.6603,0,0
20151016,SR-KOMBA,Fonds,1204.6198,1204.6198,1204.6198,1204.6198,0,0
20151015,SR-KOMBA,Fonds,1204.1978,1204.1978,1204.1978,1204.1978,0,0
20151014,SR-KOMBA,Fonds,1207.3114,1207.3114,1207.3114,1207.3114,0,0
20151013,SR-KOMBA,Fonds,1212.3167,1212.3167,1212.3167,1212.3167,0,0
20151012,SR-KOMBA,Fonds,1214.0992,1214.0992,1214.0992,1214.0992,0,0
20151009,SR-KOMBA,Fonds,1211.5602,1211.5602,1211.5602,1211.5602,0,0
20151008,SR-KOMBA,Fonds,1203.3716,1203.3716,1203.3716,1203.3716,0,0
20151007,SR-KOMBA,Fonds,1207.2189,1207.2189,1207.2189,1207.2189,0,0
20151006,SR-KOMBA,Fonds,1208.7889,1208.7889,1208.7889,1208.7889,0,0
20151005,SR-KOMBA,Fonds,1203.8048,1203.8048,1203.8048,1203.8048,0,0
20151002,SR-KOMBA,Fonds,1184.8448,1184.8448,1184.8448,1184.8448,0,0
20151001,SR-KOMBA,Fonds,1187.8943,1187.8943,1187.8943,1187.8943,0,0
20150930,SR-KOMBA,Fonds,1192.4451,1192.4451,1192.4451,1192.4451,0,0
20150929,SR-KOMBA,Fonds,1181.5918,1181.5918,1181.5918,1181.5918,0,0
20150928,SR-KOMBA,Fonds,1187.5962,1187.5962,1187.5962,1187.5962,0,0
20150925,SR-KOMBA,Fonds,1197.7226,1197.7226,1197.7226,1197.7226,0,0
20150924,SR-KOMBA,Fonds,1183.7064,1183.7064,1183.7064,1183.7064,0,0
20150923,SR-KOMBA,Fonds,1185.1196,1185.1196,1185.1196,1185.1196,0,0
20150922,SR-KOMBA,Fonds,1183.5842,1183.5842,1183.5842,1183.5842,0,0
20150921,SR-KOMBA,Fonds,1198.772,1198.772,1198.772,1198.772,0,0
20150918,SR-KOMBA,Fonds,1203.4777,1203.4777,1203.4777,1203.4777,0,0
20150917,SR-KOMBA,Fonds,1213.6747,1213.6747,1213.6747,1213.6747,0,0
20150916,SR-KOMBA,Fonds,1210.299,1210.299,1210.299,1210.299,0,0
20150915,SR-KOMBA,Fonds,1203.0919,1203.0919,1203.0919,1203.0919,0,0
20150914,SR-KOMBA,Fonds,1202.9595,1202.9595,1202.9595,1202.9595,0,0
20150911,SR-KOMBA,Fonds,1205.5765,1205.5765,1205.5765,1205.5765,0,0
20150910,SR-KOMBA,Fonds,1207.6287,1207.6287,1207.6287,1207.6287,0,0
20150909,SR-KOMBA,Fonds,1215.7836,1215.7836,1215.7836,1215.7836,0,0
20150908,SR-KOMBA,Fonds,1205.8414,1205.8414,1205.8414,1205.8414,0,0
20150907,SR-KOMBA,Fonds,1201.1164,1201.1164,1201.1164,1201.1164,0,0
20150904,SR-KOMBA,Fonds,1199.8571,1199.8571,1199.8571,1199.8571,0,0
20150903,SR-KOMBA,Fonds,1211.0745,1211.0745,1211.0745,1211.0745,0,0
20150902,SR-KOMBA,Fonds,1199.0715,1199.0715,1199.0715,1199.0715,0,0
20150901,SR-KOMBA,Fonds,1204.0014,1204.0014,1204.0014,1204.0014,0,0
20150831,SR-KOMBA,Fonds,1213.5196,1213.5196,1213.5196,1213.5196,0,0
20150828,SR-KOMBA,Fonds,1213.3568,1213.3568,1213.3568,1213.3568,0,0
20150827,SR-KOMBA,Fonds,1210.8675,1210.8675,1210.8675,1210.8675,0,0
20150826,SR-KOMBA,Fonds,1202.45,1202.45,1202.45,1202.45,0,0
20150825,SR-KOMBA,Fonds,1203.0327,1203.0327,1203.0327,1203.0327,0,0
20150824,SR-KOMBA,Fonds,1186.7255,1186.7255,1186.7255,1186.7255,0,0
20150821,SR-KOMBA,Fonds,1210.6818,1210.6818,1210.6818,1210.6818,0,0
20150820,SR-KOMBA,Fonds,1223.4031,1223.4031,1223.4031,1223.4031,0,0
20150819,SR-KOMBA,Fonds,1233.9263,1233.9263,1233.9263,1233.9263,0,0
20150818,SR-KOMBA,Fonds,1240.6638,1240.6638,1240.6638,1240.6638,0,0
20150817,SR-KOMBA,Fonds,1239.6378,1239.6378,1239.6378,1239.6378,0,0
20150814,SR-KOMBA,Fonds,1240.6613,1240.6613,1240.6613,1240.6613,0,0
20150813,SR-KOMBA,Fonds,1243.0019,1243.0019,1243.0019,1243.0019,0,0
20150812,SR-KOMBA,Fonds,1233.1197,1233.1197,1233.1197,1233.1197,0,0
20150811,SR-KOMBA,Fonds,1249.3822,1249.3822,1249.3822,1249.3822,0,0
20150810,SR-KOMBA,Fonds,1252.2663,1252.2663,1252.2663,1252.2663,0,0
20150807,SR-KOMBA,Fonds,1246.0688,1246.0688,1246.0688,1246.0688,0,0
20150806,SR-KOMBA,Fonds,1248.9916,1248.9916,1248.9916,1248.9916,0,0
20150805,SR-KOMBA,Fonds,1252.9025,1252.9025,1252.9025,1252.9025,0,0
20150804,SR-KOMBA,Fonds,1247.6977,1247.6977,1247.6977,1247.6977,0,0
20150803,SR-KOMBA,Fonds,1248.3169,1248.3169,1248.3169,1248.3169,0,0
20150731,SR-KOMBA,Fonds,1243.4707,1243.4707,1243.4707,1243.4707,0,0
20150730,SR-KOMBA,Fonds,1240.6883,1240.6883,1240.6883,1240.6883,0,0
20150729,SR-KOMBA,Fonds,1240.5271,1240.5271,1240.5271,1240.5271,0,0
20150728,SR-KOMBA,Fonds,1240.9608,1240.9608,1240.9608,1240.9608,0,0
20150727,SR-KOMBA,Fonds,1238.1881,1238.1881,1238.1881,1238.1881,0,0
20150724,SR-KOMBA,Fonds,1249.6847,1249.6847,1249.6847,1249.6847,0,0
20150723,SR-KOMBA,Fonds,1252.0529,1252.0529,1252.0529,1252.0529,0,0
20150722,SR-KOMBA,Fonds,1248.7392,1248.7392,1248.7392,1248.7392,0,0
20150721,SR-KOMBA,Fonds,1251.7961,1251.7961,1251.7961,1251.7961,0,0
20150720,SR-KOMBA,Fonds,1256.1486,1256.1486,1256.1486,1256.1486,0,0
20150717,SR-KOMBA,Fonds,1251.3583,1251.3583,1251.3583,1251.3583,0,0
20150716,SR-KOMBA,Fonds,1252.0217,1252.0217,1252.0217,1252.0217,0,0
20150715,SR-KOMBA,Fonds,1243.2527,1243.2527,1243.2527,1243.2527,0,0
20150714,SR-KOMBA,Fonds,1244.599,1244.599,1244.599,1244.599,0,0
20150713,SR-KOMBA,Fonds,1244.1481,1244.1481,1244.1481,1244.1481,0,0
20150710,SR-KOMBA,Fonds,1237.1332,1237.1332,1237.1332,1237.1332,0,0
20150709,SR-KOMBA,Fonds,1230.3583,1230.3583,1230.3583,1230.3583,0,0
20150708,SR-KOMBA,Fonds,1223.8065,1223.8065,1223.8065,1223.8065,0,0
20150707,SR-KOMBA,Fonds,1218.2652,1218.2652,1218.2652,1218.2652,0,0
20150706,SR-KOMBA,Fonds,1223.7478,1223.7478,1223.7478,1223.7478,0,0
20150703,SR-KOMBA,Fonds,1228.7484,1228.7484,1228.7484,1228.7484,0,0
20150702,SR-KOMBA,Fonds,1230.5441,1230.5441,1230.5441,1230.5441,0,0
20150701,SR-KOMBA,Fonds,1229.3043,1229.3043,1229.3043,1229.3043,0,0
20150630,SR-KOMBA,Fonds,1223.3591,1223.3591,1223.3591,1223.3591,0,0
20150629,SR-KOMBA,Fonds,1231.2929,1231.2929,1231.2929,1231.2929,0,0
20150626,SR-KOMBA,Fonds,1242.1706,1242.1706,1242.1706,1242.1706,0,0
20150625,SR-KOMBA,Fonds,1241.2873,1241.2873,1241.2873,1241.2873,0,0
20150624,SR-KOMBA,Fonds,1244.4372,1244.4372,1244.4372,1244.4372,0,0
20150623,SR-KOMBA,Fonds,1244.5608,1244.5608,1244.5608,1244.5608,0,0
20150622,SR-KOMBA,Fonds,1240.6785,1240.6785,1240.6785,1240.6785,0,0
20150619,SR-KOMBA,Fonds,1227.8376,1227.8376,1227.8376,1227.8376,0,0
20150618,SR-KOMBA,Fonds,1229.604,1229.604,1229.604,1229.604,0,0
20150617,SR-KOMBA,Fonds,1224.354,1224.354,1224.354,1224.354,0,0
20150616,SR-KOMBA,Fonds,1228.6284,1228.6284,1228.6284,1228.6284,0,0
20150615,SR-KOMBA,Fonds,1228.122,1228.122,1228.122,1228.122,0,0
20150612,SR-KOMBA,Fonds,1238.0938,1238.0938,1238.0938,1238.0938,0,0
20150611,SR-KOMBA,Fonds,1248.7617,1248.7617,1248.7617,1248.7617,0,0
20150610,SR-KOMBA,Fonds,1243.1512,1243.1512,1243.1512,1243.1512,0,0
20150609,SR-KOMBA,Fonds,1237.6095,1237.6095,1237.6095,1237.6095,0,0
20150608,SR-KOMBA,Fonds,1244.3421,1244.3421,1244.3421,1244.3421,0,0
20150605,SR-KOMBA,Fonds,1249.7955,1249.7955,1249.7955,1249.7955,0,0
20150604,SR-KOMBA,Fonds,1247.5873,1247.5873,1247.5873,1247.5873,0,0
20150603,SR-KOMBA,Fonds,1253.7757,1253.7757,1253.7757,1253.7757,0,0
20150602,SR-KOMBA,Fonds,1248.7192,1248.7192,1248.7192,1248.7192,0,0
20150601,SR-KOMBA,Fonds,1247.0015,1247.0015,1247.0015,1247.0015,0,0
20150529,SR-KOMBA,Fonds,1243.3462,1243.3462,1243.3462,1243.3462,0,0
20150528,SR-KOMBA,Fonds,1248.629,1248.629,1248.629,1248.629,0,0
20150527,SR-KOMBA,Fonds,1245.5618,1245.5618,1245.5618,1245.5618,0,0
20150526,SR-KOMBA,Fonds,1240.5072,1240.5072,1240.5072,1240.5072,0,0
20150522,SR-KOMBA,Fonds,1246.5617,1246.5617,1246.5617,1246.5617,0,0
20150521,SR-KOMBA,Fonds,1246.2315,1246.2315,1246.2315,1246.2315,0,0
20150520,SR-KOMBA,Fonds,1243.2641,1243.2641,1243.2641,1243.2641,0,0
20150519,SR-KOMBA,Fonds,1241.2473,1241.2473,1241.2473,1241.2473,0,0
20150518,SR-KOMBA,Fonds,1236.1671,1236.1671,1236.1671,1236.1671,0,0
20150515,SR-KOMBA,Fonds,1232.455,1232.455,1232.455,1232.455,0,0
20150513,SR-KOMBA,Fonds,1232.7434,1232.7434,1232.7434,1232.7434,0,0
20150512,SR-KOMBA,Fonds,1228.5142,1228.5142,1228.5142,1228.5142,0,0
20150511,SR-KOMBA,Fonds,1238.566,1238.566,1238.566,1238.566,0,0
20150508,SR-KOMBA,Fonds,1232.7973,1232.7973,1232.7973,1232.7973,0,0
20150507,SR-KOMBA,Fonds,1225.0251,1225.0251,1225.0251,1225.0251,0,0
20150506,SR-KOMBA,Fonds,1229.3481,1229.3481,1229.3481,1229.3481,0,0
20150505,SR-KOMBA,Fonds,1234.8552,1234.8552,1234.8552,1234.8552,0,0
20150504,SR-KOMBA,Fonds,1239.5253,1239.5253,1239.5253,1239.5253,0,0
20150430,SR-KOMBA,Fonds,1234.1385,1234.1385,1234.1385,1234.1385,0,0
20150429,SR-KOMBA,Fonds,1229.1146,1229.1146,1229.1146,1229.1146,0,0
20150428,SR-KOMBA,Fonds,1240.522,1240.522,1240.522,1240.522,0,0
20150427,SR-KOMBA,Fonds,1250.4518,1250.4518,1250.4518,1250.4518,0,0
20150424,SR-KOMBA,Fonds,1244.1024,1244.1024,1244.1024,1244.1024,0,0
20150423,SR-KOMBA,Fonds,1237.8806,1237.8806,1237.8806,1237.8806,0,0
20150422,SR-KOMBA,Fonds,1239.6507,1239.6507,1239.6507,1239.6507,0,0
20150421,SR-KOMBA,Fonds,1242.1776,1242.1776,1242.1776,1242.1776,0,0
20150420,SR-KOMBA,Fonds,1238.7066,1238.7066,1238.7066,1238.7066,0,0
20150417,SR-KOMBA,Fonds,1236.8613,1236.8613,1236.8613,1236.8613,0,0
20150416,SR-KOMBA,Fonds,1241.355,1241.355,1241.355,1241.355,0,0
20150415,SR-KOMBA,Fonds,1243.6526,1243.6526,1243.6526,1243.6526,0,0
20150414,SR-KOMBA,Fonds,1244.9358,1244.9358,1244.9358,1244.9358,0,0
20150413,SR-KOMBA,Fonds,1248.5276,1248.5276,1248.5276,1248.5276,0,0
20150410,SR-KOMBA,Fonds,1250.3476,1250.3476,1250.3476,1250.3476,0,0
20150409,SR-KOMBA,Fonds,1246.6645,1246.6645,1246.6645,1246.6645,0,0
20150408,SR-KOMBA,Fonds,1243.7548,1243.7548,1243.7548,1243.7548,0,0
20150407,SR-KOMBA,Fonds,1243.0993,1243.0993,1243.0993,1243.0993,0,0
20150401,SR-KOMBA,Fonds,1228.8815,1228.8815,1228.8815,1228.8815,0,0
20150331,SR-KOMBA,Fonds,1227.2855,1227.2855,1227.2855,1227.2855,0,0
20150330,SR-KOMBA,Fonds,1227.122,1227.122,1227.122,1227.122,0,0
20150327,SR-KOMBA,Fonds,1219.512,1219.512,1219.512,1219.512,0,0
20150326,SR-KOMBA,Fonds,1214.8609,1214.8609,1214.8609,1214.8609,0,0
20150325,SR-KOMBA,Fonds,1220.0426,1220.0426,1220.0426,1220.0426,0,0
20150324,SR-KOMBA,Fonds,1227.2562,1227.2562,1227.2562,1227.2562,0,0
20150323,SR-KOMBA,Fonds,1226.0484,1226.0484,1226.0484,1226.0484,0,0
20150320,SR-KOMBA,Fonds,1230.5165,1230.5165,1230.5165,1230.5165,0,0
20150319,SR-KOMBA,Fonds,1220.0701,1220.0701,1220.0701,1220.0701,0,0
20150318,SR-KOMBA,Fonds,1228.4548,1228.4548,1228.4548,1228.4548,0,0
20150317,SR-KOMBA,Fonds,1221.4451,1221.4451,1221.4451,1221.4451,0,0
20150316,SR-KOMBA,Fonds,1222.4187,1222.4187,1222.4187,1222.4187,0,0
20150313,SR-KOMBA,Fonds,1216.6201,1216.6201,1216.6201,1216.6201,0,0
20150312,SR-KOMBA,Fonds,1213.9386,1213.9386,1213.9386,1213.9386,0,0
20150311,SR-KOMBA,Fonds,1215.0679,1215.0679,1215.0679,1215.0679,0,0
20150310,SR-KOMBA,Fonds,1206.224,1206.224,1206.224,1206.224,0,0
20150309,SR-KOMBA,Fonds,1211.4854,1211.4854,1211.4854,1211.4854,0,0
20150306,SR-KOMBA,Fonds,1213.1797,1213.1797,1213.1797,1213.1797,0,0
20150305,SR-KOMBA,Fonds,1206.1428,1206.1428,1206.1428,1206.1428,0,0
20150304,SR-KOMBA,Fonds,1203.4429,1203.4429,1203.4429,1203.4429,0,0
20150303,SR-KOMBA,Fonds,1205.089,1205.089,1205.089,1205.089,0,0
20150302,SR-KOMBA,Fonds,1208.1644,1208.1644,1208.1644,1208.1644,0,0
20150227,SR-KOMBA,Fonds,1206.4239,1206.4239,1206.4239,1206.4239,0,0
20150226,SR-KOMBA,Fonds,1203.2053,1203.2053,1203.2053,1203.2053,0,0
20150225,SR-KOMBA,Fonds,1199.0659,1199.0659,1199.0659,1199.0659,0,0
20150224,SR-KOMBA,Fonds,1199.4356,1199.4356,1199.4356,1199.4356,0,0
20150220,SR-KOMBA,Fonds,1193.9083,1193.9083,1193.9083,1193.9083,0,0
20150219,SR-KOMBA,Fonds,1194.2101,1194.2101,1194.2101,1194.2101,0,0
20150218,SR-KOMBA,Fonds,1193.3879,1193.3879,1193.3879,1193.3879,0,0
20150217,SR-KOMBA,Fonds,1188.443,1188.443,1188.443,1188.443,0,0
20150216,SR-KOMBA,Fonds,1191.7399,1191.7399,1191.7399,1191.7399,0,0
20150213,SR-KOMBA,Fonds,1191.3787,1191.3787,1191.3787,1191.3787,0,0
20150212,SR-KOMBA,Fonds,1189.818,1189.818,1189.818,1189.818,0,0
20150211,SR-KOMBA,Fonds,1178.3241,1178.3241,1178.3241,1178.3241,0,0
20150210,SR-KOMBA,Fonds,1181.9147,1181.9147,1181.9147,1181.9147,0,0
20150209,SR-KOMBA,Fonds,1181.235,1181.235,1181.235,1181.235,0,0
20150206,SR-KOMBA,Fonds,1183.6633,1183.6633,1183.6633,1183.6633,0,0
20150205,SR-KOMBA,Fonds,1181.5611,1181.5611,1181.5611,1181.5611,0,0
20150204,SR-KOMBA,Fonds,1176.6303,1176.6303,1176.6303,1176.6303,0,0
20150203,SR-KOMBA,Fonds,1181.3506,1181.3506,1181.3506,1181.3506,0,0
20150202,SR-KOMBA,Fonds,1176.8763,1176.8763,1176.8763,1176.8763,0,0
20150130,SR-KOMBA,Fonds,1177.7191,1177.7191,1177.7191,1177.7191,0,0
20150129,SR-KOMBA,Fonds,1183.1975,1183.1975,1183.1975,1183.1975,0,0
20150128,SR-KOMBA,Fonds,1183.8975,1183.8975,1183.8975,1183.8975,0,0
20150127,SR-KOMBA,Fonds,1179.8704,1179.8704,1179.8704,1179.8704,0,0
20150126,SR-KOMBA,Fonds,1185.7718,1185.7718,1185.7718,1185.7718,0,0
20150123,SR-KOMBA,Fonds,1181.73,1181.73,1181.73,1181.73,0,0
20150122,SR-KOMBA,Fonds,1177.3221,1177.3221,1177.3221,1177.3221,0,0
20150121,SR-KOMBA,Fonds,1175.5719,1175.5719,1175.5719,1175.5719,0,0
20150120,SR-KOMBA,Fonds,1175.5674,1175.5674,1175.5674,1175.5674,0,0
20150119,SR-KOMBA,Fonds,1171.9995,1171.9995,1171.9995,1171.9995,0,0
20150116,SR-KOMBA,Fonds,1164.1013,1164.1013,1164.1013,1164.1013,0,0
20150115,SR-KOMBA,Fonds,1166.2503,1166.2503,1166.2503,1166.2503,0,0
20150114,SR-KOMBA,Fonds,1168.1763,1168.1763,1168.1763,1168.1763,0,0
20150113,SR-KOMBA,Fonds,1179.5384,1179.5384,1179.5384,1179.5384,0,0
20150112,SR-KOMBA,Fonds,1174.8163,1174.8163,1174.8163,1174.8163,0,0
20150109,SR-KOMBA,Fonds,1172.0584,1172.0584,1172.0584,1172.0584,0,0
20150108,SR-KOMBA,Fonds,1172.7096,1172.7096,1172.7096,1172.7096,0,0
20150107,SR-KOMBA,Fonds,1167.1294,1167.1294,1167.1294,1167.1294,0,0
20150102,SR-KOMBA,Fonds,1176.4555,1176.4555,1176.4555,1176.4555,0,0
20141229,SR-KOMBA,Fonds,1174.1889,1174.1889,1174.1889,1174.1889,0,0
20141217,SR-KOMBA,Fonds,1146.6475,1146.6475,1146.6475,1146.6475,0,0
20141210,SR-KOMBA,Fonds,1150.6782,1150.6782,1150.6782,1150.6782,0,0
20141203,SR-KOMBA,Fonds,1159.6852,1159.6852,1159.6852,1159.6852,0,0
20141128,SR-KOMBA,Fonds,1163.8292,1163.8292,1163.8292,1163.8292,0,0
20141126,SR-KOMBA,Fonds,1165.2886,1165.2886,1165.2886,1165.2886,0,0
20141119,SR-KOMBA,Fonds,1159.6253,1159.6253,1159.6253,1159.6253,0,0
20141112,SR-KOMBA,Fonds,1155.7383,1155.7383,1155.7383,1155.7383,0,0
20141105,SR-KOMBA,Fonds,1157.6547,1157.6547,1157.6547,1157.6547,0,0
20141031,SR-KOMBA,Fonds,1152.1605,1152.1605,1152.1605,1152.1605,0,0
20141029,SR-KOMBA,Fonds,1144.1682,1144.1682,1144.1682,1144.1682,0,0
20141022,SR-KOMBA,Fonds,1129.0723,1129.0723,1129.0723,1129.0723,0,0
20141015,SR-KOMBA,Fonds,1099.0344,1099.0344,1099.0344,1099.0344,0,0
20141008,SR-KOMBA,Fonds,1121.1786,1121.1786,1121.1786,1121.1786,0,0
20141001,SR-KOMBA,Fonds,1140.257,1140.257,1140.257,1140.257,0,0
20140930,SR-KOMBA,Fonds,1144.438,1144.438,1144.438,1144.438,0,0
20140924,SR-KOMBA,Fonds,1148.8035,1148.8035,1148.8035,1148.8035,0,0
20140917,SR-KOMBA,Fonds,1154.2464,1154.2464,1154.2464,1154.2464,0,0
20140910,SR-KOMBA,Fonds,1153.0407,1153.0407,1153.0407,1153.0407,0,0
20140903,SR-KOMBA,Fonds,1155.5084,1155.5084,1155.5084,1155.5084,0,0
20140829,SR-KOMBA,Fonds,1151.9808,1151.9808,1151.9808,1151.9808,0,0
20140827,SR-KOMBA,Fonds,1155.3111,1155.3111,1155.3111,1155.3111,0,0
20140820,SR-KOMBA,Fonds,1147.918,1147.918,1147.918,1147.918,0,0
20140813,SR-KOMBA,Fonds,1138.4157,1138.4157,1138.4157,1138.4157,0,0
20140806,SR-KOMBA,Fonds,1148.2383,1148.2383,1148.2383,1148.2383,0,0
20140731,SR-KOMBA,Fonds,1159.6545,1159.6545,1159.6545,1159.6545,0,0
20140730,SR-KOMBA,Fonds,1165.4737,1165.4737,1165.4737,1165.4737,0,0
20140723,SR-KOMBA,Fonds,1169.2249,1169.2249,1169.2249,1169.2249,0,0
20140716,SR-KOMBA,Fonds,1169.6739,1169.6739,1169.6739,1169.6739,0,0
20140709,SR-KOMBA,Fonds,1164.0912,1164.0912,1164.0912,1164.0912,0,0
20140702,SR-KOMBA,Fonds,1171.166,1171.166,1171.166,1171.166,0,0
20140630,SR-KOMBA,Fonds,1165.4389,1165.4389,1165.4389,1165.4389,0,0
20140625,SR-KOMBA,Fonds,1163.1766,1163.1766,1163.1766,1163.1766,0,0
20140618,SR-KOMBA,Fonds,1158.6586,1158.6586,1158.6586,1158.6586,0,0
20140611,SR-KOMBA,Fonds,1157.4167,1157.4167,1157.4167,1157.4167,0,0
20140604,SR-KOMBA,Fonds,1151.7632,1151.7632,1151.7632,1151.7632,0,0
20140530,SR-KOMBA,Fonds,1150.6185,1150.6185,1150.6185,1150.6185,0,0
20140528,SR-KOMBA,Fonds,1149.4432,1149.4432,1149.4432,1149.4432,0,0
20140521,SR-KOMBA,Fonds,1143.0573,1143.0573,1143.0573,1143.0573,0,0
20140514,SR-KOMBA,Fonds,1142.7221,1142.7221,1142.7221,1142.7221,0,0
20140507,SR-KOMBA,Fonds,1134.0491,1134.0491,1134.0491,1134.0491,0,0
20140430,SR-KOMBA,Fonds,1133.5389,1133.5389,1133.5389,1133.5389,0,0
20140423,SR-KOMBA,Fonds,1120.456,1120.456,1120.456,1120.456,0,0
20140416,SR-KOMBA,Fonds,1108.6513,1108.6513,1108.6513,1108.6513,0,0
20140409,SR-KOMBA,Fonds,1117.8283,1117.8283,1117.8283,1117.8283,0,0
20140402,SR-KOMBA,Fonds,1118.3327,1118.3327,1118.3327,1118.3327,0,0
20140331,SR-KOMBA,Fonds,1118.9825,1118.9825,1118.9825,1118.9825,0,0
20140326,SR-KOMBA,Fonds,1117.2337,1117.2337,1117.2337,1117.2337,0,0
20140319,SR-KOMBA,Fonds,1109.038,1109.038,1109.038,1109.038,0,0
20140312,SR-KOMBA,Fonds,1105.1268,1105.1268,1105.1268,1105.1268,0,0
20140305,SR-KOMBA,Fonds,1107.5108,1107.5108,1107.5108,1107.5108,0,0
20140228,SR-KOMBA,Fonds,1109.5575,1109.5575,1109.5575,1109.5575,0,0
20140226,SR-KOMBA,Fonds,1105.4837,1105.4837,1105.4837,1105.4837,0,0
20140219,SR-KOMBA,Fonds,1103.4829,1103.4829,1103.4829,1103.4829,0,0
20140212,SR-KOMBA,Fonds,1101.8076,1101.8076,1101.8076,1101.8076,0,0
20140205,SR-KOMBA,Fonds,1092.9144,1092.9144,1092.9144,1092.9144,0,0
20140131,SR-KOMBA,Fonds,1094.4837,1094.4837,1094.4837,1094.4837,0,0
20140129,SR-KOMBA,Fonds,1094.7802,1094.7802,1094.7802,1094.7802,0,0
20140122,SR-KOMBA,Fonds,1112.3397,1112.3397,1112.3397,1112.3397,0,0
20140115,SR-KOMBA,Fonds,1103.1874,1103.1874,1103.1874,1103.1874,0,0
20140108,SR-KOMBA,Fonds,1096.1078,1096.1078,1096.1078,1096.1078,0,0
20131230,SR-KOMBA,Fonds,1094.265,1094.265,1094.265,1094.265,0,0
20131227,SR-KOMBA,Fonds,1093.8073,1093.8073,1093.8073,1093.8073,0,0
20131218,SR-KOMBA,Fonds,1073.9114,1073.9114,1073.9114,1073.9114,0,0
20131211,SR-KOMBA,Fonds,1075.3906,1075.3906,1075.3906,1075.3906,0,0
20131204,SR-KOMBA,Fonds,1075.4658,1075.4658,1075.4658,1075.4658,0,0
20131129,SR-KOMBA,Fonds,1081.5487,1081.5487,1081.5487,1081.5487,0,0
20131127,SR-KOMBA,Fonds,1077.907,1077.907,1077.907,1077.907,0,0
20131120,SR-KOMBA,Fonds,1070.7813,1070.7813,1070.7813,1070.7813,0,0
20131113,SR-KOMBA,Fonds,1070.3539,1070.3539,1070.3539,1070.3539,0,0
20131106,SR-KOMBA,Fonds,1070.1819,1070.1819,1070.1819,1070.1819,0,0
20131031,SR-KOMBA,Fonds,1065.438,1065.438,1065.438,1065.438,0,0
20131030,SR-KOMBA,Fonds,1067.4221,1067.4221,1067.4221,1067.4221,0,0
20131023,SR-KOMBA,Fonds,1064.4144,1064.4144,1064.4144,1064.4144,0,0
20131016,SR-KOMBA,Fonds,1050.1766,1050.1766,1050.1766,1050.1766,0,0
20131009,SR-KOMBA,Fonds,1033.2982,1033.2982,1033.2982,1033.2982,0,0
20131002,SR-KOMBA,Fonds,1041.0727,1041.0727,1041.0727,1041.0727,0,0
20130930,SR-KOMBA,Fonds,1038.4648,1038.4648,1038.4648,1038.4648,0,0
20130925,SR-KOMBA,Fonds,1044.351,1044.351,1044.351,1044.351,0,0
20130918,SR-KOMBA,Fonds,1035.3144,1035.3144,1035.3144,1035.3144,0,0
20130911,SR-KOMBA,Fonds,1033.48,1033.48,1033.48,1033.48,0,0
20130904,SR-KOMBA,Fonds,1025.7093,1025.7093,1025.7093,1025.7093,0,0
20130830,SR-KOMBA,Fonds,1022.4073,1022.4073,1022.4073,1022.4073,0,0
20130828,SR-KOMBA,Fonds,1022.4397,1022.4397,1022.4397,1022.4397,0,0
20130821,SR-KOMBA,Fonds,1022.9602,1022.9602,1022.9602,1022.9602,0,0
20130814,SR-KOMBA,Fonds,1024.3851,1024.3851,1024.3851,1024.3851,0,0
20130807,SR-KOMBA,Fonds,1022.3949,1022.3949,1022.3949,1022.3949,0,0
20130731,SR-KOMBA,Fonds,1017.8357,1017.8357,1017.8357,1017.8357,0,0
20130724,SR-KOMBA,Fonds,1020.7054,1020.7054,1020.7054,1020.7054,0,0
20130717,SR-KOMBA,Fonds,1018.6248,1018.6248,1018.6248,1018.6248,0,0
20130710,SR-KOMBA,Fonds,1012.4284,1012.4284,1012.4284,1012.4284,0,0
20130703,SR-KOMBA,Fonds,1000.1993,1000.1993,1000.1993,1000.1993,0,0
20130628,SR-KOMBA,Fonds,997.6499,997.6499,997.6499,997.6499,0,0
20130626,SR-KOMBA,Fonds,996.0764,996.0764,996.0764,996.0764,0,0
20130619,SR-KOMBA,Fonds,1000.9647,1000.9647,1000.9647,1000.9647,0,0
20130612,SR-KOMBA,Fonds,996.7701,996.7701,996.7701,996.7701,0,0
20130605,SR-KOMBA,Fonds,1002.8735,1002.8735,1002.8735,1002.8735,0,0
20130531,SR-KOMBA,Fonds,1010.6832,1010.6832,1010.6832,1010.6832,0,0
20130522,SR-KOMBA,Fonds,1014.6717,1014.6717,1014.6717,1014.6717,0,0
20130515,SR-KOMBA,Fonds,1010.3321,1010.3321,1010.3321,1010.3321,0,0
20130508,SR-KOMBA,Fonds,1010.7409,1010.7409,1010.7409,1010.7409,0,0
